(kicad_pcb (version 20171130) (host pcbnew "(5.1.12)-1")

  (general
    (thickness 1.6)
    (drawings 11)
    (tracks 100)
    (zones 0)
    (modules 24)
    (nets 13)
  )

  (page A4)
  (layers
    (0 F.Cu signal)
    (31 B.Cu signal)
    (32 B.Adhes user)
    (33 F.Adhes user)
    (34 B.Paste user)
    (35 F.Paste user)
    (36 B.SilkS user)
    (37 F.SilkS user)
    (38 B.Mask user)
    (39 F.Mask user)
    (40 Dwgs.User user)
    (41 Cmts.User user)
    (42 Eco1.User user)
    (43 Eco2.User user)
    (44 Edge.Cuts user)
    (45 Margin user)
    (46 B.CrtYd user)
    (47 F.CrtYd user)
    (48 B.Fab user)
    (49 F.Fab user)
  )

  (setup
    (last_trace_width 0.8)
    (user_trace_width 0.3048)
    (user_trace_width 0.5)
    (user_trace_width 0.8)
    (trace_clearance 0.2)
    (zone_clearance 0.508)
    (zone_45_only no)
    (trace_min 0.2)
    (via_size 0.8)
    (via_drill 0.4)
    (via_min_size 0.4)
    (via_min_drill 0.3)
    (uvia_size 0.3)
    (uvia_drill 0.1)
    (uvias_allowed no)
    (uvia_min_size 0.2)
    (uvia_min_drill 0.1)
    (edge_width 0.05)
    (segment_width 0.2)
    (pcb_text_width 0.3)
    (pcb_text_size 1.5 1.5)
    (mod_edge_width 0.12)
    (mod_text_size 1 1)
    (mod_text_width 0.15)
    (pad_size 1.8 1.8)
    (pad_drill 0.9)
    (pad_to_mask_clearance 0)
    (aux_axis_origin 0 0)
    (visible_elements 7FFFFFFF)
    (pcbplotparams
      (layerselection 0x010fc_ffffffff)
      (usegerberextensions false)
      (usegerberattributes true)
      (usegerberadvancedattributes true)
      (creategerberjobfile true)
      (excludeedgelayer true)
      (linewidth 0.100000)
      (plotframeref false)
      (viasonmask false)
      (mode 1)
      (useauxorigin false)
      (hpglpennumber 1)
      (hpglpenspeed 20)
      (hpglpendiameter 15.000000)
      (psnegative false)
      (psa4output false)
      (plotreference true)
      (plotvalue true)
      (plotinvisibletext false)
      (padsonsilk false)
      (subtractmaskfromsilk false)
      (outputformat 1)
      (mirror false)
      (drillshape 1)
      (scaleselection 1)
      (outputdirectory ""))
  )

  (net 0 "")
  (net 1 "Net-(C1-Pad1)")
  (net 2 GND)
  (net 3 "Net-(C2-Pad1)")
  (net 4 +3V3)
  (net 5 "Net-(D1-Pad1)")
  (net 6 "Net-(D2-Pad1)")
  (net 7 "Net-(F1-Pad1)")
  (net 8 "Net-(F2-Pad1)")
  (net 9 /5V_out)
  (net 10 /3v3_out)
  (net 11 "Net-(J1-Pad1)")
  (net 12 "Net-(J2-Pad1)")

  (net_class Default "This is the default net class."
    (clearance 0.2)
    (trace_width 0.25)
    (via_dia 0.8)
    (via_drill 0.4)
    (uvia_dia 0.3)
    (uvia_drill 0.1)
    (add_net +3V3)
    (add_net /3v3_out)
    (add_net /5V_out)
    (add_net GND)
    (add_net "Net-(C1-Pad1)")
    (add_net "Net-(C2-Pad1)")
    (add_net "Net-(D1-Pad1)")
    (add_net "Net-(D2-Pad1)")
    (add_net "Net-(F1-Pad1)")
    (add_net "Net-(F2-Pad1)")
    (add_net "Net-(J1-Pad1)")
    (add_net "Net-(J2-Pad1)")
  )

  (module TerminalBlock_4Ucon:TerminalBlock_4Ucon_1x02_P3.50mm_Horizontal (layer F.Cu) (tedit 5B294E91) (tstamp 6192AB3E)
    (at 121.7 98.85 270)
    (descr "Terminal Block 4Ucon ItemNo. 19963, 2 pins, pitch 3.5mm, size 7.7x7mm^2, drill diamater 1.2mm, pad diameter 2.4mm, see http://www.4uconnector.com/online/object/4udrawing/19963.pdf, script-generated using https://github.com/pointhi/kicad-footprint-generator/scripts/TerminalBlock_4Ucon")
    (tags "THT Terminal Block 4Ucon ItemNo. 19963 pitch 3.5mm size 7.7x7mm^2 drill 1.2mm pad 2.4mm")
    (path /61947FFB)
    (fp_text reference J2 (at 7.05 3.65 180) (layer F.SilkS)
      (effects (font (size 1 1) (thickness 0.15)))
    )
    (fp_text value Conn_01x02 (at 1.75 4.66 90) (layer F.Fab)
      (effects (font (size 1 1) (thickness 0.15)))
    )
    (fp_circle (center 0 0) (end 1.375 0) (layer F.Fab) (width 0.1))
    (fp_circle (center 3.5 0) (end 4.875 0) (layer F.Fab) (width 0.1))
    (fp_circle (center 3.5 0) (end 5.055 0) (layer F.SilkS) (width 0.12))
    (fp_line (start -2.1 -3.4) (end 5.6 -3.4) (layer F.Fab) (width 0.1))
    (fp_line (start 5.6 -3.4) (end 5.6 3.6) (layer F.Fab) (width 0.1))
    (fp_line (start 5.6 3.6) (end -0.6 3.6) (layer F.Fab) (width 0.1))
    (fp_line (start -0.6 3.6) (end -2.1 2.1) (layer F.Fab) (width 0.1))
    (fp_line (start -2.1 2.1) (end -2.1 -3.4) (layer F.Fab) (width 0.1))
    (fp_line (start -2.1 2.1) (end 5.6 2.1) (layer F.Fab) (width 0.1))
    (fp_line (start -2.16 2.1) (end 5.66 2.1) (layer F.SilkS) (width 0.12))
    (fp_line (start -2.16 -3.46) (end 5.66 -3.46) (layer F.SilkS) (width 0.12))
    (fp_line (start -2.16 3.66) (end 5.66 3.66) (layer F.SilkS) (width 0.12))
    (fp_line (start -2.16 -3.46) (end -2.16 3.66) (layer F.SilkS) (width 0.12))
    (fp_line (start 5.66 -3.46) (end 5.66 3.66) (layer F.SilkS) (width 0.12))
    (fp_line (start -1.1 -0.069) (end -0.069 -0.069) (layer F.Fab) (width 0.1))
    (fp_line (start -0.069 -0.069) (end -0.069 -1.1) (layer F.Fab) (width 0.1))
    (fp_line (start -0.069 -1.1) (end 0.069 -1.1) (layer F.Fab) (width 0.1))
    (fp_line (start 0.069 -1.1) (end 0.069 -0.069) (layer F.Fab) (width 0.1))
    (fp_line (start 0.069 -0.069) (end 1.1 -0.069) (layer F.Fab) (width 0.1))
    (fp_line (start 1.1 -0.069) (end 1.1 0.069) (layer F.Fab) (width 0.1))
    (fp_line (start 1.1 0.069) (end 0.069 0.069) (layer F.Fab) (width 0.1))
    (fp_line (start 0.069 0.069) (end 0.069 1.1) (layer F.Fab) (width 0.1))
    (fp_line (start 0.069 1.1) (end -0.069 1.1) (layer F.Fab) (width 0.1))
    (fp_line (start -0.069 1.1) (end -0.069 0.069) (layer F.Fab) (width 0.1))
    (fp_line (start -0.069 0.069) (end -1.1 0.069) (layer F.Fab) (width 0.1))
    (fp_line (start -1.1 0.069) (end -1.1 -0.069) (layer F.Fab) (width 0.1))
    (fp_line (start 2.4 -0.069) (end 3.431 -0.069) (layer F.Fab) (width 0.1))
    (fp_line (start 3.431 -0.069) (end 3.431 -1.1) (layer F.Fab) (width 0.1))
    (fp_line (start 3.431 -1.1) (end 3.569 -1.1) (layer F.Fab) (width 0.1))
    (fp_line (start 3.569 -1.1) (end 3.569 -0.069) (layer F.Fab) (width 0.1))
    (fp_line (start 3.569 -0.069) (end 4.6 -0.069) (layer F.Fab) (width 0.1))
    (fp_line (start 4.6 -0.069) (end 4.6 0.069) (layer F.Fab) (width 0.1))
    (fp_line (start 4.6 0.069) (end 3.569 0.069) (layer F.Fab) (width 0.1))
    (fp_line (start 3.569 0.069) (end 3.569 1.1) (layer F.Fab) (width 0.1))
    (fp_line (start 3.569 1.1) (end 3.431 1.1) (layer F.Fab) (width 0.1))
    (fp_line (start 3.431 1.1) (end 3.431 0.069) (layer F.Fab) (width 0.1))
    (fp_line (start 3.431 0.069) (end 2.4 0.069) (layer F.Fab) (width 0.1))
    (fp_line (start 2.4 0.069) (end 2.4 -0.069) (layer F.Fab) (width 0.1))
    (fp_line (start -2.4 2.16) (end -2.4 3.9) (layer F.SilkS) (width 0.12))
    (fp_line (start -2.4 3.9) (end -0.9 3.9) (layer F.SilkS) (width 0.12))
    (fp_line (start -2.6 -3.9) (end -2.6 4.1) (layer F.CrtYd) (width 0.05))
    (fp_line (start -2.6 4.1) (end 6.1 4.1) (layer F.CrtYd) (width 0.05))
    (fp_line (start 6.1 4.1) (end 6.1 -3.9) (layer F.CrtYd) (width 0.05))
    (fp_line (start 6.1 -3.9) (end -2.6 -3.9) (layer F.CrtYd) (width 0.05))
    (fp_text user %R (at 1.75 2.9 90) (layer F.Fab)
      (effects (font (size 1 1) (thickness 0.15)))
    )
    (fp_arc (start 0 0) (end -0.608 1.432) (angle -24) (layer F.SilkS) (width 0.12))
    (fp_arc (start 0 0) (end -1.432 -0.608) (angle -46) (layer F.SilkS) (width 0.12))
    (fp_arc (start 0 0) (end 0.608 -1.432) (angle -46) (layer F.SilkS) (width 0.12))
    (fp_arc (start 0 0) (end 1.432 0.608) (angle -46) (layer F.SilkS) (width 0.12))
    (fp_arc (start 0 0) (end 0 1.555) (angle -23) (layer F.SilkS) (width 0.12))
    (pad 2 thru_hole circle (at 3.5 0 270) (size 2.4 2.4) (drill 1.2) (layers *.Cu *.Mask)
      (net 2 GND))
    (pad 1 thru_hole rect (at 0 0 270) (size 2.4 2.4) (drill 1.2) (layers *.Cu *.Mask)
      (net 12 "Net-(J2-Pad1)"))
    (model ${KISYS3DMOD}/TerminalBlock_4Ucon.3dshapes/TerminalBlock_4Ucon_1x02_P3.50mm_Horizontal.wrl
      (at (xyz 0 0 0))
      (scale (xyz 1 1 1))
      (rotate (xyz 0 0 0))
    )
    (model ${KISYS3DMOD}/TerminalBlock_Phoenix.3dshapes/TerminalBlock_Phoenix_PT-1,5-2-3.5-H_1x02_P3.50mm_Horizontal.step
      (at (xyz 0 0 0))
      (scale (xyz 1 1 1))
      (rotate (xyz 0 0 0))
    )
  )

  (module Capacitor_SMD:CP_Elec_3x5.4 (layer F.Cu) (tedit 5BCA39CF) (tstamp 6192A9EF)
    (at 135.9 102.66 180)
    (descr "SMD capacitor, aluminum electrolytic, Nichicon, 3.0x5.4mm")
    (tags "capacitor electrolytic")
    (path /61947FD8)
    (attr smd)
    (fp_text reference C1 (at 4.04 -1.27) (layer F.SilkS)
      (effects (font (size 1 1) (thickness 0.15)))
    )
    (fp_text value 10u (at 0 2.7) (layer F.Fab)
      (effects (font (size 1 1) (thickness 0.15)))
    )
    (fp_line (start -2.85 1.05) (end -1.78 1.05) (layer F.CrtYd) (width 0.05))
    (fp_line (start -2.85 -1.05) (end -2.85 1.05) (layer F.CrtYd) (width 0.05))
    (fp_line (start -1.78 -1.05) (end -2.85 -1.05) (layer F.CrtYd) (width 0.05))
    (fp_line (start -1.78 -1.05) (end -0.93 -1.9) (layer F.CrtYd) (width 0.05))
    (fp_line (start -1.78 1.05) (end -0.93 1.9) (layer F.CrtYd) (width 0.05))
    (fp_line (start -0.93 -1.9) (end 1.9 -1.9) (layer F.CrtYd) (width 0.05))
    (fp_line (start -0.93 1.9) (end 1.9 1.9) (layer F.CrtYd) (width 0.05))
    (fp_line (start 1.9 1.05) (end 1.9 1.9) (layer F.CrtYd) (width 0.05))
    (fp_line (start 2.85 1.05) (end 1.9 1.05) (layer F.CrtYd) (width 0.05))
    (fp_line (start 2.85 -1.05) (end 2.85 1.05) (layer F.CrtYd) (width 0.05))
    (fp_line (start 1.9 -1.05) (end 2.85 -1.05) (layer F.CrtYd) (width 0.05))
    (fp_line (start 1.9 -1.9) (end 1.9 -1.05) (layer F.CrtYd) (width 0.05))
    (fp_line (start -2.1875 -1.6225) (end -2.1875 -1.2475) (layer F.SilkS) (width 0.12))
    (fp_line (start -2.375 -1.435) (end -2 -1.435) (layer F.SilkS) (width 0.12))
    (fp_line (start -1.570563 1.06) (end -0.870563 1.76) (layer F.SilkS) (width 0.12))
    (fp_line (start -1.570563 -1.06) (end -0.870563 -1.76) (layer F.SilkS) (width 0.12))
    (fp_line (start -0.870563 1.76) (end 1.76 1.76) (layer F.SilkS) (width 0.12))
    (fp_line (start -0.870563 -1.76) (end 1.76 -1.76) (layer F.SilkS) (width 0.12))
    (fp_line (start 1.76 -1.76) (end 1.76 -1.06) (layer F.SilkS) (width 0.12))
    (fp_line (start 1.76 1.76) (end 1.76 1.06) (layer F.SilkS) (width 0.12))
    (fp_line (start -0.960469 -0.95) (end -0.960469 -0.65) (layer F.Fab) (width 0.1))
    (fp_line (start -1.110469 -0.8) (end -0.810469 -0.8) (layer F.Fab) (width 0.1))
    (fp_line (start -1.65 0.825) (end -0.825 1.65) (layer F.Fab) (width 0.1))
    (fp_line (start -1.65 -0.825) (end -0.825 -1.65) (layer F.Fab) (width 0.1))
    (fp_line (start -1.65 -0.825) (end -1.65 0.825) (layer F.Fab) (width 0.1))
    (fp_line (start -0.825 1.65) (end 1.65 1.65) (layer F.Fab) (width 0.1))
    (fp_line (start -0.825 -1.65) (end 1.65 -1.65) (layer F.Fab) (width 0.1))
    (fp_line (start 1.65 -1.65) (end 1.65 1.65) (layer F.Fab) (width 0.1))
    (fp_circle (center 0 0) (end 1.5 0) (layer F.Fab) (width 0.1))
    (fp_text user %R (at 0 0) (layer F.Fab)
      (effects (font (size 0.6 0.6) (thickness 0.09)))
    )
    (pad 1 smd roundrect (at -1.5 0 180) (size 2.2 1.6) (layers F.Cu F.Paste F.Mask) (roundrect_rratio 0.15625)
      (net 1 "Net-(C1-Pad1)"))
    (pad 2 smd roundrect (at 1.5 0 180) (size 2.2 1.6) (layers F.Cu F.Paste F.Mask) (roundrect_rratio 0.15625)
      (net 2 GND))
    (model ${KISYS3DMOD}/Capacitor_SMD.3dshapes/CP_Elec_3x5.4.wrl
      (at (xyz 0 0 0))
      (scale (xyz 1 1 1))
      (rotate (xyz 0 0 0))
    )
  )

  (module Capacitor_SMD:C_1206_3216Metric (layer F.Cu) (tedit 5F68FEEE) (tstamp 6192AA00)
    (at 135.67 122.98 180)
    (descr "Capacitor SMD 1206 (3216 Metric), square (rectangular) end terminal, IPC_7351 nominal, (Body size source: IPC-SM-782 page 76, https://www.pcb-3d.com/wordpress/wp-content/uploads/ipc-sm-782a_amendment_1_and_2.pdf), generated with kicad-footprint-generator")
    (tags capacitor)
    (path /6192FC8B)
    (attr smd)
    (fp_text reference C2 (at 0 -1.85) (layer F.SilkS)
      (effects (font (size 1 1) (thickness 0.15)))
    )
    (fp_text value 10u (at 0 1.85) (layer F.Fab)
      (effects (font (size 1 1) (thickness 0.15)))
    )
    (fp_line (start -1.6 0.8) (end -1.6 -0.8) (layer F.Fab) (width 0.1))
    (fp_line (start -1.6 -0.8) (end 1.6 -0.8) (layer F.Fab) (width 0.1))
    (fp_line (start 1.6 -0.8) (end 1.6 0.8) (layer F.Fab) (width 0.1))
    (fp_line (start 1.6 0.8) (end -1.6 0.8) (layer F.Fab) (width 0.1))
    (fp_line (start -0.711252 -0.91) (end 0.711252 -0.91) (layer F.SilkS) (width 0.12))
    (fp_line (start -0.711252 0.91) (end 0.711252 0.91) (layer F.SilkS) (width 0.12))
    (fp_line (start -2.3 1.15) (end -2.3 -1.15) (layer F.CrtYd) (width 0.05))
    (fp_line (start -2.3 -1.15) (end 2.3 -1.15) (layer F.CrtYd) (width 0.05))
    (fp_line (start 2.3 -1.15) (end 2.3 1.15) (layer F.CrtYd) (width 0.05))
    (fp_line (start 2.3 1.15) (end -2.3 1.15) (layer F.CrtYd) (width 0.05))
    (fp_text user %R (at 0 0) (layer F.Fab)
      (effects (font (size 0.8 0.8) (thickness 0.12)))
    )
    (pad 2 smd roundrect (at 1.475 0 180) (size 1.15 1.8) (layers F.Cu F.Paste F.Mask) (roundrect_rratio 0.217391)
      (net 2 GND))
    (pad 1 smd roundrect (at -1.475 0 180) (size 1.15 1.8) (layers F.Cu F.Paste F.Mask) (roundrect_rratio 0.217391)
      (net 3 "Net-(C2-Pad1)"))
    (model ${KISYS3DMOD}/Capacitor_SMD.3dshapes/C_1206_3216Metric.wrl
      (at (xyz 0 0 0))
      (scale (xyz 1 1 1))
      (rotate (xyz 0 0 0))
    )
  )

  (module Capacitor_SMD:C_1206_3216Metric (layer F.Cu) (tedit 5F68FEEE) (tstamp 6192AA11)
    (at 142.02 102.66)
    (descr "Capacitor SMD 1206 (3216 Metric), square (rectangular) end terminal, IPC_7351 nominal, (Body size source: IPC-SM-782 page 76, https://www.pcb-3d.com/wordpress/wp-content/uploads/ipc-sm-782a_amendment_1_and_2.pdf), generated with kicad-footprint-generator")
    (tags capacitor)
    (path /61947FC6)
    (attr smd)
    (fp_text reference C3 (at 0 -1.85) (layer F.SilkS)
      (effects (font (size 1 1) (thickness 0.15)))
    )
    (fp_text value 100n (at 0 1.85) (layer F.Fab)
      (effects (font (size 1 1) (thickness 0.15)))
    )
    (fp_line (start 2.3 1.15) (end -2.3 1.15) (layer F.CrtYd) (width 0.05))
    (fp_line (start 2.3 -1.15) (end 2.3 1.15) (layer F.CrtYd) (width 0.05))
    (fp_line (start -2.3 -1.15) (end 2.3 -1.15) (layer F.CrtYd) (width 0.05))
    (fp_line (start -2.3 1.15) (end -2.3 -1.15) (layer F.CrtYd) (width 0.05))
    (fp_line (start -0.711252 0.91) (end 0.711252 0.91) (layer F.SilkS) (width 0.12))
    (fp_line (start -0.711252 -0.91) (end 0.711252 -0.91) (layer F.SilkS) (width 0.12))
    (fp_line (start 1.6 0.8) (end -1.6 0.8) (layer F.Fab) (width 0.1))
    (fp_line (start 1.6 -0.8) (end 1.6 0.8) (layer F.Fab) (width 0.1))
    (fp_line (start -1.6 -0.8) (end 1.6 -0.8) (layer F.Fab) (width 0.1))
    (fp_line (start -1.6 0.8) (end -1.6 -0.8) (layer F.Fab) (width 0.1))
    (fp_text user %R (at 0 0) (layer F.Fab)
      (effects (font (size 0.8 0.8) (thickness 0.12)))
    )
    (pad 1 smd roundrect (at -1.475 0) (size 1.15 1.8) (layers F.Cu F.Paste F.Mask) (roundrect_rratio 0.217391)
      (net 1 "Net-(C1-Pad1)"))
    (pad 2 smd roundrect (at 1.475 0) (size 1.15 1.8) (layers F.Cu F.Paste F.Mask) (roundrect_rratio 0.217391)
      (net 2 GND))
    (model ${KISYS3DMOD}/Capacitor_SMD.3dshapes/C_1206_3216Metric.wrl
      (at (xyz 0 0 0))
      (scale (xyz 1 1 1))
      (rotate (xyz 0 0 0))
    )
  )

  (module Capacitor_SMD:C_1206_3216Metric (layer F.Cu) (tedit 5F68FEEE) (tstamp 6192AA22)
    (at 143.29 115.36 90)
    (descr "Capacitor SMD 1206 (3216 Metric), square (rectangular) end terminal, IPC_7351 nominal, (Body size source: IPC-SM-782 page 76, https://www.pcb-3d.com/wordpress/wp-content/uploads/ipc-sm-782a_amendment_1_and_2.pdf), generated with kicad-footprint-generator")
    (tags capacitor)
    (path /619280BB)
    (attr smd)
    (fp_text reference C4 (at 0 -1.85 90) (layer F.SilkS)
      (effects (font (size 1 1) (thickness 0.15)))
    )
    (fp_text value 100n (at 0 1.85 90) (layer F.Fab)
      (effects (font (size 1 1) (thickness 0.15)))
    )
    (fp_line (start 2.3 1.15) (end -2.3 1.15) (layer F.CrtYd) (width 0.05))
    (fp_line (start 2.3 -1.15) (end 2.3 1.15) (layer F.CrtYd) (width 0.05))
    (fp_line (start -2.3 -1.15) (end 2.3 -1.15) (layer F.CrtYd) (width 0.05))
    (fp_line (start -2.3 1.15) (end -2.3 -1.15) (layer F.CrtYd) (width 0.05))
    (fp_line (start -0.711252 0.91) (end 0.711252 0.91) (layer F.SilkS) (width 0.12))
    (fp_line (start -0.711252 -0.91) (end 0.711252 -0.91) (layer F.SilkS) (width 0.12))
    (fp_line (start 1.6 0.8) (end -1.6 0.8) (layer F.Fab) (width 0.1))
    (fp_line (start 1.6 -0.8) (end 1.6 0.8) (layer F.Fab) (width 0.1))
    (fp_line (start -1.6 -0.8) (end 1.6 -0.8) (layer F.Fab) (width 0.1))
    (fp_line (start -1.6 0.8) (end -1.6 -0.8) (layer F.Fab) (width 0.1))
    (fp_text user %R (at 0 0 90) (layer F.Fab)
      (effects (font (size 0.8 0.8) (thickness 0.12)))
    )
    (pad 1 smd roundrect (at -1.475 0 90) (size 1.15 1.8) (layers F.Cu F.Paste F.Mask) (roundrect_rratio 0.217391)
      (net 3 "Net-(C2-Pad1)"))
    (pad 2 smd roundrect (at 1.475 0 90) (size 1.15 1.8) (layers F.Cu F.Paste F.Mask) (roundrect_rratio 0.217391)
      (net 2 GND))
    (model ${KISYS3DMOD}/Capacitor_SMD.3dshapes/C_1206_3216Metric.wrl
      (at (xyz 0 0 0))
      (scale (xyz 1 1 1))
      (rotate (xyz 0 0 0))
    )
  )

  (module Capacitor_SMD:C_1206_3216Metric (layer F.Cu) (tedit 5F68FEEE) (tstamp 6192AA33)
    (at 136.735 88.69 180)
    (descr "Capacitor SMD 1206 (3216 Metric), square (rectangular) end terminal, IPC_7351 nominal, (Body size source: IPC-SM-782 page 76, https://www.pcb-3d.com/wordpress/wp-content/uploads/ipc-sm-782a_amendment_1_and_2.pdf), generated with kicad-footprint-generator")
    (tags capacitor)
    (path /61947FCC)
    (attr smd)
    (fp_text reference C5 (at -3.605 0) (layer F.SilkS)
      (effects (font (size 1 1) (thickness 0.15)))
    )
    (fp_text value 10u (at 0 1.85) (layer F.Fab)
      (effects (font (size 1 1) (thickness 0.15)))
    )
    (fp_line (start -1.6 0.8) (end -1.6 -0.8) (layer F.Fab) (width 0.1))
    (fp_line (start -1.6 -0.8) (end 1.6 -0.8) (layer F.Fab) (width 0.1))
    (fp_line (start 1.6 -0.8) (end 1.6 0.8) (layer F.Fab) (width 0.1))
    (fp_line (start 1.6 0.8) (end -1.6 0.8) (layer F.Fab) (width 0.1))
    (fp_line (start -0.711252 -0.91) (end 0.711252 -0.91) (layer F.SilkS) (width 0.12))
    (fp_line (start -0.711252 0.91) (end 0.711252 0.91) (layer F.SilkS) (width 0.12))
    (fp_line (start -2.3 1.15) (end -2.3 -1.15) (layer F.CrtYd) (width 0.05))
    (fp_line (start -2.3 -1.15) (end 2.3 -1.15) (layer F.CrtYd) (width 0.05))
    (fp_line (start 2.3 -1.15) (end 2.3 1.15) (layer F.CrtYd) (width 0.05))
    (fp_line (start 2.3 1.15) (end -2.3 1.15) (layer F.CrtYd) (width 0.05))
    (fp_text user %R (at 0 0) (layer F.Fab)
      (effects (font (size 0.8 0.8) (thickness 0.12)))
    )
    (pad 2 smd roundrect (at 1.475 0 180) (size 1.15 1.8) (layers F.Cu F.Paste F.Mask) (roundrect_rratio 0.217391)
      (net 2 GND))
    (pad 1 smd roundrect (at -1.475 0 180) (size 1.15 1.8) (layers F.Cu F.Paste F.Mask) (roundrect_rratio 0.217391)
      (net 4 +3V3))
    (model ${KISYS3DMOD}/Capacitor_SMD.3dshapes/C_1206_3216Metric.wrl
      (at (xyz 0 0 0))
      (scale (xyz 1 1 1))
      (rotate (xyz 0 0 0))
    )
  )

  (module Capacitor_SMD:C_1206_3216Metric (layer F.Cu) (tedit 5F68FEEE) (tstamp 6192AA44)
    (at 135.67 110.28)
    (descr "Capacitor SMD 1206 (3216 Metric), square (rectangular) end terminal, IPC_7351 nominal, (Body size source: IPC-SM-782 page 76, https://www.pcb-3d.com/wordpress/wp-content/uploads/ipc-sm-782a_amendment_1_and_2.pdf), generated with kicad-footprint-generator")
    (tags capacitor)
    (path /619294FD)
    (attr smd)
    (fp_text reference C6 (at 0 -1.85) (layer F.SilkS)
      (effects (font (size 1 1) (thickness 0.15)))
    )
    (fp_text value 10u (at 0 1.85) (layer F.Fab)
      (effects (font (size 1 1) (thickness 0.15)))
    )
    (fp_line (start -1.6 0.8) (end -1.6 -0.8) (layer F.Fab) (width 0.1))
    (fp_line (start -1.6 -0.8) (end 1.6 -0.8) (layer F.Fab) (width 0.1))
    (fp_line (start 1.6 -0.8) (end 1.6 0.8) (layer F.Fab) (width 0.1))
    (fp_line (start 1.6 0.8) (end -1.6 0.8) (layer F.Fab) (width 0.1))
    (fp_line (start -0.711252 -0.91) (end 0.711252 -0.91) (layer F.SilkS) (width 0.12))
    (fp_line (start -0.711252 0.91) (end 0.711252 0.91) (layer F.SilkS) (width 0.12))
    (fp_line (start -2.3 1.15) (end -2.3 -1.15) (layer F.CrtYd) (width 0.05))
    (fp_line (start -2.3 -1.15) (end 2.3 -1.15) (layer F.CrtYd) (width 0.05))
    (fp_line (start 2.3 -1.15) (end 2.3 1.15) (layer F.CrtYd) (width 0.05))
    (fp_line (start 2.3 1.15) (end -2.3 1.15) (layer F.CrtYd) (width 0.05))
    (fp_text user %R (at 0 0) (layer F.Fab)
      (effects (font (size 0.8 0.8) (thickness 0.12)))
    )
    (pad 2 smd roundrect (at 1.475 0) (size 1.15 1.8) (layers F.Cu F.Paste F.Mask) (roundrect_rratio 0.217391)
      (net 2 GND))
    (pad 1 smd roundrect (at -1.475 0) (size 1.15 1.8) (layers F.Cu F.Paste F.Mask) (roundrect_rratio 0.217391)
      (net 4 +3V3))
    (model ${KISYS3DMOD}/Capacitor_SMD.3dshapes/C_1206_3216Metric.wrl
      (at (xyz 0 0 0))
      (scale (xyz 1 1 1))
      (rotate (xyz 0 0 0))
    )
  )

  (module Capacitor_SMD:C_1206_3216Metric (layer F.Cu) (tedit 5F68FEEE) (tstamp 6192AA55)
    (at 136.735 86.15 180)
    (descr "Capacitor SMD 1206 (3216 Metric), square (rectangular) end terminal, IPC_7351 nominal, (Body size source: IPC-SM-782 page 76, https://www.pcb-3d.com/wordpress/wp-content/uploads/ipc-sm-782a_amendment_1_and_2.pdf), generated with kicad-footprint-generator")
    (tags capacitor)
    (path /61947FD2)
    (attr smd)
    (fp_text reference C7 (at -3.665 0) (layer F.SilkS)
      (effects (font (size 1 1) (thickness 0.15)))
    )
    (fp_text value 0.1u (at 0 1.85) (layer F.Fab)
      (effects (font (size 1 1) (thickness 0.15)))
    )
    (fp_line (start 2.3 1.15) (end -2.3 1.15) (layer F.CrtYd) (width 0.05))
    (fp_line (start 2.3 -1.15) (end 2.3 1.15) (layer F.CrtYd) (width 0.05))
    (fp_line (start -2.3 -1.15) (end 2.3 -1.15) (layer F.CrtYd) (width 0.05))
    (fp_line (start -2.3 1.15) (end -2.3 -1.15) (layer F.CrtYd) (width 0.05))
    (fp_line (start -0.711252 0.91) (end 0.711252 0.91) (layer F.SilkS) (width 0.12))
    (fp_line (start -0.711252 -0.91) (end 0.711252 -0.91) (layer F.SilkS) (width 0.12))
    (fp_line (start 1.6 0.8) (end -1.6 0.8) (layer F.Fab) (width 0.1))
    (fp_line (start 1.6 -0.8) (end 1.6 0.8) (layer F.Fab) (width 0.1))
    (fp_line (start -1.6 -0.8) (end 1.6 -0.8) (layer F.Fab) (width 0.1))
    (fp_line (start -1.6 0.8) (end -1.6 -0.8) (layer F.Fab) (width 0.1))
    (fp_text user %R (at 0 0) (layer F.Fab)
      (effects (font (size 0.8 0.8) (thickness 0.12)))
    )
    (pad 1 smd roundrect (at -1.475 0 180) (size 1.15 1.8) (layers F.Cu F.Paste F.Mask) (roundrect_rratio 0.217391)
      (net 4 +3V3))
    (pad 2 smd roundrect (at 1.475 0 180) (size 1.15 1.8) (layers F.Cu F.Paste F.Mask) (roundrect_rratio 0.217391)
      (net 2 GND))
    (model ${KISYS3DMOD}/Capacitor_SMD.3dshapes/C_1206_3216Metric.wrl
      (at (xyz 0 0 0))
      (scale (xyz 1 1 1))
      (rotate (xyz 0 0 0))
    )
  )

  (module Capacitor_SMD:C_1206_3216Metric (layer F.Cu) (tedit 5F68FEEE) (tstamp 6192AA66)
    (at 135.67 107.74)
    (descr "Capacitor SMD 1206 (3216 Metric), square (rectangular) end terminal, IPC_7351 nominal, (Body size source: IPC-SM-782 page 76, https://www.pcb-3d.com/wordpress/wp-content/uploads/ipc-sm-782a_amendment_1_and_2.pdf), generated with kicad-footprint-generator")
    (tags capacitor)
    (path /6192A9A6)
    (attr smd)
    (fp_text reference C8 (at 0 -1.85) (layer F.SilkS)
      (effects (font (size 1 1) (thickness 0.15)))
    )
    (fp_text value 0.1u (at 0 1.85) (layer F.Fab)
      (effects (font (size 1 1) (thickness 0.15)))
    )
    (fp_line (start 2.3 1.15) (end -2.3 1.15) (layer F.CrtYd) (width 0.05))
    (fp_line (start 2.3 -1.15) (end 2.3 1.15) (layer F.CrtYd) (width 0.05))
    (fp_line (start -2.3 -1.15) (end 2.3 -1.15) (layer F.CrtYd) (width 0.05))
    (fp_line (start -2.3 1.15) (end -2.3 -1.15) (layer F.CrtYd) (width 0.05))
    (fp_line (start -0.711252 0.91) (end 0.711252 0.91) (layer F.SilkS) (width 0.12))
    (fp_line (start -0.711252 -0.91) (end 0.711252 -0.91) (layer F.SilkS) (width 0.12))
    (fp_line (start 1.6 0.8) (end -1.6 0.8) (layer F.Fab) (width 0.1))
    (fp_line (start 1.6 -0.8) (end 1.6 0.8) (layer F.Fab) (width 0.1))
    (fp_line (start -1.6 -0.8) (end 1.6 -0.8) (layer F.Fab) (width 0.1))
    (fp_line (start -1.6 0.8) (end -1.6 -0.8) (layer F.Fab) (width 0.1))
    (fp_text user %R (at 0 0) (layer F.Fab)
      (effects (font (size 0.8 0.8) (thickness 0.12)))
    )
    (pad 1 smd roundrect (at -1.475 0) (size 1.15 1.8) (layers F.Cu F.Paste F.Mask) (roundrect_rratio 0.217391)
      (net 4 +3V3))
    (pad 2 smd roundrect (at 1.475 0) (size 1.15 1.8) (layers F.Cu F.Paste F.Mask) (roundrect_rratio 0.217391)
      (net 2 GND))
    (model ${KISYS3DMOD}/Capacitor_SMD.3dshapes/C_1206_3216Metric.wrl
      (at (xyz 0 0 0))
      (scale (xyz 1 1 1))
      (rotate (xyz 0 0 0))
    )
  )

  (module LED_THT:LED_D5.0mm (layer F.Cu) (tedit 5995936A) (tstamp 6192AA78)
    (at 128.75 87.35)
    (descr "LED, diameter 5.0mm, 2 pins, http://cdn-reichelt.de/documents/datenblatt/A500/LL-504BC2E-009.pdf")
    (tags "LED diameter 5.0mm 2 pins")
    (path /6194DC16)
    (fp_text reference D1 (at 1.27 -3.96) (layer F.SilkS)
      (effects (font (size 1 1) (thickness 0.15)))
    )
    (fp_text value LED_Small (at 1.27 3.96) (layer F.Fab)
      (effects (font (size 1 1) (thickness 0.15)))
    )
    (fp_line (start 4.5 -3.25) (end -1.95 -3.25) (layer F.CrtYd) (width 0.05))
    (fp_line (start 4.5 3.25) (end 4.5 -3.25) (layer F.CrtYd) (width 0.05))
    (fp_line (start -1.95 3.25) (end 4.5 3.25) (layer F.CrtYd) (width 0.05))
    (fp_line (start -1.95 -3.25) (end -1.95 3.25) (layer F.CrtYd) (width 0.05))
    (fp_line (start -1.29 -1.545) (end -1.29 1.545) (layer F.SilkS) (width 0.12))
    (fp_line (start -1.23 -1.469694) (end -1.23 1.469694) (layer F.Fab) (width 0.1))
    (fp_circle (center 1.27 0) (end 3.77 0) (layer F.SilkS) (width 0.12))
    (fp_circle (center 1.27 0) (end 3.77 0) (layer F.Fab) (width 0.1))
    (fp_arc (start 1.27 0) (end -1.23 -1.469694) (angle 299.1) (layer F.Fab) (width 0.1))
    (fp_arc (start 1.27 0) (end -1.29 -1.54483) (angle 148.9) (layer F.SilkS) (width 0.12))
    (fp_arc (start 1.27 0) (end -1.29 1.54483) (angle -148.9) (layer F.SilkS) (width 0.12))
    (fp_text user %R (at 1.25 0) (layer F.Fab)
      (effects (font (size 0.8 0.8) (thickness 0.2)))
    )
    (pad 1 thru_hole rect (at 0 0) (size 1.8 1.8) (drill 0.9) (layers *.Cu *.Mask)
      (net 5 "Net-(D1-Pad1)"))
    (pad 2 thru_hole circle (at 2.54 0) (size 1.8 1.8) (drill 0.9) (layers *.Cu *.Mask)
      (net 4 +3V3))
    (model ${KISYS3DMOD}/LED_THT.3dshapes/LED_D5.0mm.wrl
      (at (xyz 0 0 0))
      (scale (xyz 1 1 1))
      (rotate (xyz 0 0 0))
    )
  )

  (module LED_THT:LED_D5.0mm (layer F.Cu) (tedit 6194CB2C) (tstamp 6192AA8A)
    (at 147.1 89.96 90)
    (descr "LED, diameter 5.0mm, 2 pins, http://cdn-reichelt.de/documents/datenblatt/A500/LL-504BC2E-009.pdf")
    (tags "LED diameter 5.0mm 2 pins")
    (path /619583A3)
    (fp_text reference D2 (at 1.27 -3.96 90) (layer F.SilkS)
      (effects (font (size 1 1) (thickness 0.15)))
    )
    (fp_text value LED_Small (at 1.27 3.96 90) (layer F.Fab)
      (effects (font (size 1 1) (thickness 0.15)))
    )
    (fp_circle (center 1.27 0) (end 3.77 0) (layer F.Fab) (width 0.1))
    (fp_circle (center 1.27 0) (end 3.77 0) (layer F.SilkS) (width 0.12))
    (fp_line (start -1.23 -1.469694) (end -1.23 1.469694) (layer F.Fab) (width 0.1))
    (fp_line (start -1.29 -1.545) (end -1.29 1.545) (layer F.SilkS) (width 0.12))
    (fp_line (start -1.95 -3.25) (end -1.95 3.25) (layer F.CrtYd) (width 0.05))
    (fp_line (start -1.95 3.25) (end 4.5 3.25) (layer F.CrtYd) (width 0.05))
    (fp_line (start 4.5 3.25) (end 4.5 -3.25) (layer F.CrtYd) (width 0.05))
    (fp_line (start 4.5 -3.25) (end -1.95 -3.25) (layer F.CrtYd) (width 0.05))
    (fp_text user %R (at 1.25 0 90) (layer F.Fab)
      (effects (font (size 0.8 0.8) (thickness 0.2)))
    )
    (fp_arc (start 1.27 0) (end -1.29 1.54483) (angle -148.9) (layer F.SilkS) (width 0.12))
    (fp_arc (start 1.27 0) (end -1.29 -1.54483) (angle 148.9) (layer F.SilkS) (width 0.12))
    (fp_arc (start 1.27 0) (end -1.23 -1.469694) (angle 299.1) (layer F.Fab) (width 0.1))
    (pad 2 thru_hole circle (at 2.54 0 90) (size 1.8 1.8) (drill 0.9) (layers *.Cu *.Mask)
      (net 4 +3V3))
    (pad 1 thru_hole rect (at 0 0 90) (size 1.8 1.8) (drill 0.9) (layers *.Cu *.Mask)
      (net 6 "Net-(D2-Pad1)"))
    (model ${KISYS3DMOD}/LED_THT.3dshapes/LED_D5.0mm.wrl
      (at (xyz 0 0 0))
      (scale (xyz 1 1 1))
      (rotate (xyz 0 0 0))
    )
  )

  (module Fuse:Fuse_1812_4532Metric (layer F.Cu) (tedit 5F68FEF1) (tstamp 6192AA9B)
    (at 129.32 115.36 270)
    (descr "Fuse SMD 1812 (4532 Metric), square (rectangular) end terminal, IPC_7351 nominal, (Body size source: https://www.nikhef.nl/pub/departments/mt/projects/detectorR_D/dtddice/ERJ2G.pdf), generated with kicad-footprint-generator")
    (tags fuse)
    (path /61967ED6)
    (attr smd)
    (fp_text reference F1 (at 5.08 0 180) (layer F.SilkS)
      (effects (font (size 1 1) (thickness 0.15)))
    )
    (fp_text value Fuse_Small (at 0 2.65 90) (layer F.Fab)
      (effects (font (size 1 1) (thickness 0.15)))
    )
    (fp_line (start 2.95 1.95) (end -2.95 1.95) (layer F.CrtYd) (width 0.05))
    (fp_line (start 2.95 -1.95) (end 2.95 1.95) (layer F.CrtYd) (width 0.05))
    (fp_line (start -2.95 -1.95) (end 2.95 -1.95) (layer F.CrtYd) (width 0.05))
    (fp_line (start -2.95 1.95) (end -2.95 -1.95) (layer F.CrtYd) (width 0.05))
    (fp_line (start -1.386252 1.71) (end 1.386252 1.71) (layer F.SilkS) (width 0.12))
    (fp_line (start -1.386252 -1.71) (end 1.386252 -1.71) (layer F.SilkS) (width 0.12))
    (fp_line (start 2.25 1.6) (end -2.25 1.6) (layer F.Fab) (width 0.1))
    (fp_line (start 2.25 -1.6) (end 2.25 1.6) (layer F.Fab) (width 0.1))
    (fp_line (start -2.25 -1.6) (end 2.25 -1.6) (layer F.Fab) (width 0.1))
    (fp_line (start -2.25 1.6) (end -2.25 -1.6) (layer F.Fab) (width 0.1))
    (fp_text user %R (at 0 0 90) (layer F.Fab)
      (effects (font (size 1 1) (thickness 0.15)))
    )
    (pad 1 smd roundrect (at -2.1375 0 270) (size 1.125 3.4) (layers F.Cu F.Paste F.Mask) (roundrect_rratio 0.222222)
      (net 7 "Net-(F1-Pad1)"))
    (pad 2 smd roundrect (at 2.1375 0 270) (size 1.125 3.4) (layers F.Cu F.Paste F.Mask) (roundrect_rratio 0.222222)
      (net 3 "Net-(C2-Pad1)"))
    (model ${KISYS3DMOD}/Fuse.3dshapes/Fuse_1812_4532Metric.wrl
      (at (xyz 0 0 0))
      (scale (xyz 1 1 1))
      (rotate (xyz 0 0 0))
    )
    (model C:/Users/DELL/Downloads/SMD_Polyfuse_1812.stp
      (at (xyz 0 0 0))
      (scale (xyz 1 1 1))
      (rotate (xyz 0 0 0))
    )
  )

  (module Fuse:Fuse_1812_4532Metric (layer F.Cu) (tedit 5F68FEF1) (tstamp 6192AAAC)
    (at 129.5 101.8 270)
    (descr "Fuse SMD 1812 (4532 Metric), square (rectangular) end terminal, IPC_7351 nominal, (Body size source: https://www.nikhef.nl/pub/departments/mt/projects/detectorR_D/dtddice/ERJ2G.pdf), generated with kicad-footprint-generator")
    (tags fuse)
    (path /61968A48)
    (attr smd)
    (fp_text reference F2 (at -3.81 -1.27 180) (layer F.SilkS)
      (effects (font (size 1 1) (thickness 0.15)))
    )
    (fp_text value Fuse_Small (at 0 2.65 90) (layer F.Fab)
      (effects (font (size 1 1) (thickness 0.15)))
    )
    (fp_line (start -2.25 1.6) (end -2.25 -1.6) (layer F.Fab) (width 0.1))
    (fp_line (start -2.25 -1.6) (end 2.25 -1.6) (layer F.Fab) (width 0.1))
    (fp_line (start 2.25 -1.6) (end 2.25 1.6) (layer F.Fab) (width 0.1))
    (fp_line (start 2.25 1.6) (end -2.25 1.6) (layer F.Fab) (width 0.1))
    (fp_line (start -1.386252 -1.71) (end 1.386252 -1.71) (layer F.SilkS) (width 0.12))
    (fp_line (start -1.386252 1.71) (end 1.386252 1.71) (layer F.SilkS) (width 0.12))
    (fp_line (start -2.95 1.95) (end -2.95 -1.95) (layer F.CrtYd) (width 0.05))
    (fp_line (start -2.95 -1.95) (end 2.95 -1.95) (layer F.CrtYd) (width 0.05))
    (fp_line (start 2.95 -1.95) (end 2.95 1.95) (layer F.CrtYd) (width 0.05))
    (fp_line (start 2.95 1.95) (end -2.95 1.95) (layer F.CrtYd) (width 0.05))
    (fp_text user %R (at 0 0 90) (layer F.Fab)
      (effects (font (size 1 1) (thickness 0.15)))
    )
    (pad 2 smd roundrect (at 2.1375 0 270) (size 1.125 3.4) (layers F.Cu F.Paste F.Mask) (roundrect_rratio 0.222222)
      (net 1 "Net-(C1-Pad1)"))
    (pad 1 smd roundrect (at -2.1375 0 270) (size 1.125 3.4) (layers F.Cu F.Paste F.Mask) (roundrect_rratio 0.222222)
      (net 8 "Net-(F2-Pad1)"))
    (model ${KISYS3DMOD}/Fuse.3dshapes/Fuse_1812_4532Metric.wrl
      (at (xyz 0 0 0))
      (scale (xyz 1 1 1))
      (rotate (xyz 0 0 0))
    )
    (model C:/Users/DELL/Downloads/SMD_Polyfuse_1812.stp
      (at (xyz 0 0 0))
      (scale (xyz 1 1 1))
      (rotate (xyz 0 0 0))
    )
  )

  (module Fuse:Fuse_1812_4532Metric (layer F.Cu) (tedit 5F68FEF1) (tstamp 6192AABD)
    (at 142.02 109.01 90)
    (descr "Fuse SMD 1812 (4532 Metric), square (rectangular) end terminal, IPC_7351 nominal, (Body size source: https://www.nikhef.nl/pub/departments/mt/projects/detectorR_D/dtddice/ERJ2G.pdf), generated with kicad-footprint-generator")
    (tags fuse)
    (path /61973E51)
    (attr smd)
    (fp_text reference F3 (at 0 -2.65 90) (layer F.SilkS)
      (effects (font (size 1 1) (thickness 0.15)))
    )
    (fp_text value Fuse_Small (at 0 2.65 90) (layer F.Fab)
      (effects (font (size 1 1) (thickness 0.15)))
    )
    (fp_line (start 2.95 1.95) (end -2.95 1.95) (layer F.CrtYd) (width 0.05))
    (fp_line (start 2.95 -1.95) (end 2.95 1.95) (layer F.CrtYd) (width 0.05))
    (fp_line (start -2.95 -1.95) (end 2.95 -1.95) (layer F.CrtYd) (width 0.05))
    (fp_line (start -2.95 1.95) (end -2.95 -1.95) (layer F.CrtYd) (width 0.05))
    (fp_line (start -1.386252 1.71) (end 1.386252 1.71) (layer F.SilkS) (width 0.12))
    (fp_line (start -1.386252 -1.71) (end 1.386252 -1.71) (layer F.SilkS) (width 0.12))
    (fp_line (start 2.25 1.6) (end -2.25 1.6) (layer F.Fab) (width 0.1))
    (fp_line (start 2.25 -1.6) (end 2.25 1.6) (layer F.Fab) (width 0.1))
    (fp_line (start -2.25 -1.6) (end 2.25 -1.6) (layer F.Fab) (width 0.1))
    (fp_line (start -2.25 1.6) (end -2.25 -1.6) (layer F.Fab) (width 0.1))
    (fp_text user %R (at 0 0 90) (layer F.Fab)
      (effects (font (size 1 1) (thickness 0.15)))
    )
    (pad 1 smd roundrect (at -2.1375 0 90) (size 1.125 3.4) (layers F.Cu F.Paste F.Mask) (roundrect_rratio 0.222222)
      (net 4 +3V3))
    (pad 2 smd roundrect (at 2.1375 0 90) (size 1.125 3.4) (layers F.Cu F.Paste F.Mask) (roundrect_rratio 0.222222)
      (net 9 /5V_out))
    (model ${KISYS3DMOD}/Fuse.3dshapes/Fuse_1812_4532Metric.wrl
      (at (xyz 0 0 0))
      (scale (xyz 1 1 1))
      (rotate (xyz 0 0 0))
    )
    (model C:/Users/DELL/Downloads/SMD_Polyfuse_1812.stp
      (at (xyz 0 0 0))
      (scale (xyz 1 1 1))
      (rotate (xyz 0 0 0))
    )
  )

  (module Fuse:Fuse_1812_4532Metric (layer F.Cu) (tedit 5F68FEF1) (tstamp 6192AACE)
    (at 143.29 96.7125 90)
    (descr "Fuse SMD 1812 (4532 Metric), square (rectangular) end terminal, IPC_7351 nominal, (Body size source: https://www.nikhef.nl/pub/departments/mt/projects/detectorR_D/dtddice/ERJ2G.pdf), generated with kicad-footprint-generator")
    (tags fuse)
    (path /61974662)
    (attr smd)
    (fp_text reference F4 (at 3.9125 0.66 180) (layer F.SilkS)
      (effects (font (size 1 1) (thickness 0.15)))
    )
    (fp_text value Fuse_Small (at 0 2.65 90) (layer F.Fab)
      (effects (font (size 1 1) (thickness 0.15)))
    )
    (fp_line (start -2.25 1.6) (end -2.25 -1.6) (layer F.Fab) (width 0.1))
    (fp_line (start -2.25 -1.6) (end 2.25 -1.6) (layer F.Fab) (width 0.1))
    (fp_line (start 2.25 -1.6) (end 2.25 1.6) (layer F.Fab) (width 0.1))
    (fp_line (start 2.25 1.6) (end -2.25 1.6) (layer F.Fab) (width 0.1))
    (fp_line (start -1.386252 -1.71) (end 1.386252 -1.71) (layer F.SilkS) (width 0.12))
    (fp_line (start -1.386252 1.71) (end 1.386252 1.71) (layer F.SilkS) (width 0.12))
    (fp_line (start -2.95 1.95) (end -2.95 -1.95) (layer F.CrtYd) (width 0.05))
    (fp_line (start -2.95 -1.95) (end 2.95 -1.95) (layer F.CrtYd) (width 0.05))
    (fp_line (start 2.95 -1.95) (end 2.95 1.95) (layer F.CrtYd) (width 0.05))
    (fp_line (start 2.95 1.95) (end -2.95 1.95) (layer F.CrtYd) (width 0.05))
    (fp_text user %R (at 0 0 90) (layer F.Fab)
      (effects (font (size 1 1) (thickness 0.15)))
    )
    (pad 2 smd roundrect (at 2.1375 0 90) (size 1.125 3.4) (layers F.Cu F.Paste F.Mask) (roundrect_rratio 0.222222)
      (net 10 /3v3_out))
    (pad 1 smd roundrect (at -2.1375 0 90) (size 1.125 3.4) (layers F.Cu F.Paste F.Mask) (roundrect_rratio 0.222222)
      (net 4 +3V3))
    (model ${KISYS3DMOD}/Fuse.3dshapes/Fuse_1812_4532Metric.wrl
      (at (xyz 0 0 0))
      (scale (xyz 1 1 1))
      (rotate (xyz 0 0 0))
    )
    (model C:/Users/DELL/Downloads/SMD_Polyfuse_1812.stp
      (at (xyz 0 0 0))
      (scale (xyz 1 1 1))
      (rotate (xyz 0 0 0))
    )
  )

  (module TerminalBlock_4Ucon:TerminalBlock_4Ucon_1x02_P3.50mm_Horizontal (layer F.Cu) (tedit 5B294E91) (tstamp 6192AB06)
    (at 122.97 115.36 270)
    (descr "Terminal Block 4Ucon ItemNo. 19963, 2 pins, pitch 3.5mm, size 7.7x7mm^2, drill diamater 1.2mm, pad diameter 2.4mm, see http://www.4uconnector.com/online/object/4udrawing/19963.pdf, script-generated using https://github.com/pointhi/kicad-footprint-generator/scripts/TerminalBlock_4Ucon")
    (tags "THT Terminal Block 4Ucon ItemNo. 19963 pitch 3.5mm size 7.7x7mm^2 drill 1.2mm pad 2.4mm")
    (path /619398CE)
    (fp_text reference J1 (at 1.75 -4.46 90) (layer F.SilkS)
      (effects (font (size 1 1) (thickness 0.15)))
    )
    (fp_text value Conn_01x02 (at 1.75 4.66 90) (layer F.Fab)
      (effects (font (size 1 1) (thickness 0.15)))
    )
    (fp_line (start 6.1 -3.9) (end -2.6 -3.9) (layer F.CrtYd) (width 0.05))
    (fp_line (start 6.1 4.1) (end 6.1 -3.9) (layer F.CrtYd) (width 0.05))
    (fp_line (start -2.6 4.1) (end 6.1 4.1) (layer F.CrtYd) (width 0.05))
    (fp_line (start -2.6 -3.9) (end -2.6 4.1) (layer F.CrtYd) (width 0.05))
    (fp_line (start -2.4 3.9) (end -0.9 3.9) (layer F.SilkS) (width 0.12))
    (fp_line (start -2.4 2.16) (end -2.4 3.9) (layer F.SilkS) (width 0.12))
    (fp_line (start 2.4 0.069) (end 2.4 -0.069) (layer F.Fab) (width 0.1))
    (fp_line (start 3.431 0.069) (end 2.4 0.069) (layer F.Fab) (width 0.1))
    (fp_line (start 3.431 1.1) (end 3.431 0.069) (layer F.Fab) (width 0.1))
    (fp_line (start 3.569 1.1) (end 3.431 1.1) (layer F.Fab) (width 0.1))
    (fp_line (start 3.569 0.069) (end 3.569 1.1) (layer F.Fab) (width 0.1))
    (fp_line (start 4.6 0.069) (end 3.569 0.069) (layer F.Fab) (width 0.1))
    (fp_line (start 4.6 -0.069) (end 4.6 0.069) (layer F.Fab) (width 0.1))
    (fp_line (start 3.569 -0.069) (end 4.6 -0.069) (layer F.Fab) (width 0.1))
    (fp_line (start 3.569 -1.1) (end 3.569 -0.069) (layer F.Fab) (width 0.1))
    (fp_line (start 3.431 -1.1) (end 3.569 -1.1) (layer F.Fab) (width 0.1))
    (fp_line (start 3.431 -0.069) (end 3.431 -1.1) (layer F.Fab) (width 0.1))
    (fp_line (start 2.4 -0.069) (end 3.431 -0.069) (layer F.Fab) (width 0.1))
    (fp_line (start -1.1 0.069) (end -1.1 -0.069) (layer F.Fab) (width 0.1))
    (fp_line (start -0.069 0.069) (end -1.1 0.069) (layer F.Fab) (width 0.1))
    (fp_line (start -0.069 1.1) (end -0.069 0.069) (layer F.Fab) (width 0.1))
    (fp_line (start 0.069 1.1) (end -0.069 1.1) (layer F.Fab) (width 0.1))
    (fp_line (start 0.069 0.069) (end 0.069 1.1) (layer F.Fab) (width 0.1))
