(kicad_pcb (version 20171130) (host pcbnew "(5.1.12)-1")

  (general
    (thickness 1.6)
    (drawings 8)
    (tracks 280)
    (zones 0)
    (modules 44)
    (nets 68)
  )

  (page A4)
  (layers
    (0 F.Cu signal)
    (1 In1.Cu power)
    (2 In2.Cu power)
    (31 B.Cu signal)
    (32 B.Adhes user)
    (33 F.Adhes user)
    (34 B.Paste user)
    (35 F.Paste user)
    (36 B.SilkS user)
    (37 F.SilkS user)
    (38 B.Mask user)
    (39 F.Mask user)
    (40 Dwgs.User user)
    (41 Cmts.User user)
    (42 Eco1.User user)
    (43 Eco2.User user)
    (44 Edge.Cuts user)
    (45 Margin user)
    (46 B.CrtYd user)
    (47 F.CrtYd user)
    (48 B.Fab user hide)
    (49 F.Fab user hide)
  )

  (setup
    (last_trace_width 0.25)
    (user_trace_width 0.3)
    (user_trace_width 0.4)
    (user_trace_width 0.5)
    (user_trace_width 1)
    (trace_clearance 0.3)
    (zone_clearance 0.508)
    (zone_45_only no)
    (trace_min 0.25)
    (via_size 0.8)
    (via_drill 0.4)
    (via_min_size 0.4)
    (via_min_drill 0.3)
    (user_via 1 0.8)
    (uvia_size 0.3)
    (uvia_drill 0.1)
    (uvias_allowed no)
    (uvia_min_size 0.2)
    (uvia_min_drill 0.1)
    (edge_width 0.05)
    (segment_width 0.2)
    (pcb_text_width 0.3)
    (pcb_text_size 1.5 1.5)
    (mod_edge_width 0.12)
    (mod_text_size 1 1)
    (mod_text_width 0.15)
    (pad_size 1.524 1.524)
    (pad_drill 0.762)
    (pad_to_mask_clearance 0)
    (aux_axis_origin 0 0)
    (visible_elements 7FFFFFFF)
    (pcbplotparams
      (layerselection 0x010fc_ffffffff)
      (usegerberextensions false)
      (usegerberattributes true)
      (usegerberadvancedattributes true)
      (creategerberjobfile true)
      (excludeedgelayer true)
      (linewidth 0.100000)
      (plotframeref false)
      (viasonmask false)
      (mode 1)
      (useauxorigin false)
      (hpglpennumber 1)
      (hpglpenspeed 20)
      (hpglpendiameter 15.000000)
      (psnegative false)
      (psa4output false)
      (plotreference true)
      (plotvalue true)
      (plotinvisibletext false)
      (padsonsilk false)
      (subtractmaskfromsilk false)
      (outputformat 1)
      (mirror false)
      (drillshape 1)
      (scaleselection 1)
      (outputdirectory ""))
  )

  (net 0 "")
  (net 1 +3V3)
  (net 2 GND)
  (net 3 "Net-(C2-Pad1)")
  (net 4 +3.3VA)
  (net 5 HSE_IN)
  (net 6 "Net-(C16-Pad1)")
  (net 7 "Net-(C17-Pad1)")
  (net 8 "Net-(C18-Pad1)")
  (net 9 "Net-(D1-Pad1)")
  (net 10 VCC)
  (net 11 "Net-(D2-Pad1)")
  (net 12 "Net-(D3-Pad2)")
  (net 13 "Net-(D3-Pad1)")
  (net 14 "Net-(F1-Pad2)")
  (net 15 USART1_TX)
  (net 16 USART1_RX)
  (net 17 SWDIO)
  (net 18 SWCLK)
  (net 19 SWO)
  (net 20 "Net-(J4-Pad7)")
  (net 21 "Net-(J4-Pad8)")
  (net 22 NRST)
  (net 23 SPI1_CS)
  (net 24 SPI1_SCK)
  (net 25 SPI1_MISO)
  (net 26 SPI1_MOSI)
  (net 27 I2C1_SDA)
  (net 28 I2C1_SCL)
  (net 29 BOOT1)
  (net 30 BOOT0)
  (net 31 HSE_OUT)
  (net 32 "Net-(U2-Pad17)")
  (net 33 "Net-(U2-Pad2)")
  (net 34 "Net-(U2-Pad3)")
  (net 35 "Net-(U2-Pad4)")
  (net 36 "Net-(U2-Pad8)")
  (net 37 "Net-(U2-Pad9)")
  (net 38 "Net-(U2-Pad10)")
  (net 39 "Net-(U2-Pad11)")
  (net 40 "Net-(U2-Pad14)")
  (net 41 "Net-(U2-Pad15)")
  (net 42 "Net-(U2-Pad16)")
  (net 43 "Net-(U2-Pad24)")
  (net 44 "Net-(U2-Pad25)")
  (net 45 "Net-(U2-Pad26)")
  (net 46 "Net-(U2-Pad27)")
  (net 47 "Net-(U2-Pad29)")
  (net 48 "Net-(U2-Pad30)")
  (net 49 "Net-(U2-Pad34)")
  (net 50 "Net-(U2-Pad35)")
  (net 51 "Net-(U2-Pad36)")
  (net 52 "Net-(U2-Pad37)")
  (net 53 "Net-(U2-Pad38)")
  (net 54 "Net-(U2-Pad39)")
  (net 55 "Net-(U2-Pad40)")
  (net 56 "Net-(U2-Pad41)")
  (net 57 "Net-(U2-Pad44)")
  (net 58 "Net-(U2-Pad45)")
  (net 59 "Net-(U2-Pad50)")
  (net 60 "Net-(U2-Pad51)")
  (net 61 "Net-(U2-Pad52)")
  (net 62 "Net-(U2-Pad53)")
  (net 63 "Net-(U2-Pad54)")
  (net 64 "Net-(U2-Pad56)")
  (net 65 "Net-(U2-Pad57)")
  (net 66 "Net-(U2-Pad61)")
  (net 67 "Net-(U2-Pad62)")

  (net_class Default "This is the default net class."
    (clearance 0.3)
    (trace_width 0.25)
    (via_dia 0.8)
    (via_drill 0.4)
    (uvia_dia 0.3)
    (uvia_drill 0.1)
    (add_net +3.3VA)
    (add_net +3V3)
    (add_net BOOT0)
    (add_net BOOT1)
    (add_net GND)
    (add_net HSE_IN)
    (add_net HSE_OUT)
    (add_net I2C1_SCL)
    (add_net I2C1_SDA)
    (add_net NRST)
    (add_net "Net-(C16-Pad1)")
    (add_net "Net-(C17-Pad1)")
    (add_net "Net-(C18-Pad1)")
    (add_net "Net-(C2-Pad1)")
    (add_net "Net-(D1-Pad1)")
    (add_net "Net-(D2-Pad1)")
    (add_net "Net-(D3-Pad1)")
    (add_net "Net-(D3-Pad2)")
    (add_net "Net-(F1-Pad2)")
    (add_net "Net-(J4-Pad7)")
    (add_net "Net-(J4-Pad8)")
    (add_net "Net-(U2-Pad10)")
    (add_net "Net-(U2-Pad11)")
    (add_net "Net-(U2-Pad14)")
    (add_net "Net-(U2-Pad15)")
    (add_net "Net-(U2-Pad16)")
    (add_net "Net-(U2-Pad17)")
    (add_net "Net-(U2-Pad2)")
    (add_net "Net-(U2-Pad24)")
    (add_net "Net-(U2-Pad25)")
    (add_net "Net-(U2-Pad26)")
    (add_net "Net-(U2-Pad27)")
    (add_net "Net-(U2-Pad29)")
    (add_net "Net-(U2-Pad3)")
    (add_net "Net-(U2-Pad30)")
    (add_net "Net-(U2-Pad34)")
    (add_net "Net-(U2-Pad35)")
    (add_net "Net-(U2-Pad36)")
    (add_net "Net-(U2-Pad37)")
    (add_net "Net-(U2-Pad38)")
    (add_net "Net-(U2-Pad39)")
    (add_net "Net-(U2-Pad4)")
    (add_net "Net-(U2-Pad40)")
    (add_net "Net-(U2-Pad41)")
    (add_net "Net-(U2-Pad44)")
    (add_net "Net-(U2-Pad45)")
    (add_net "Net-(U2-Pad50)")
    (add_net "Net-(U2-Pad51)")
    (add_net "Net-(U2-Pad52)")
    (add_net "Net-(U2-Pad53)")
    (add_net "Net-(U2-Pad54)")
    (add_net "Net-(U2-Pad56)")
    (add_net "Net-(U2-Pad57)")
    (add_net "Net-(U2-Pad61)")
    (add_net "Net-(U2-Pad62)")
    (add_net "Net-(U2-Pad8)")
    (add_net "Net-(U2-Pad9)")
    (add_net SPI1_CS)
    (add_net SPI1_MISO)
    (add_net SPI1_MOSI)
    (add_net SPI1_SCK)
    (add_net SWCLK)
    (add_net SWDIO)
    (add_net SWO)
    (add_net USART1_RX)
    (add_net USART1_TX)
    (add_net VCC)
  )

  (module digikey-footprints:LQFP-64_10x10mm (layer F.Cu) (tedit 5D289278) (tstamp 6197D244)
    (at 143.9 101.475)
    (path /61976F51)
    (attr smd)
    (fp_text reference U2 (at 0.01 -7.62) (layer F.Fab)
      (effects (font (size 1 1) (thickness 0.15)))
    )
    (fp_text value STM32F405RGT6 (at 0 8.34) (layer F.Fab)
      (effects (font (size 1 1) (thickness 0.15)))
    )
    (fp_line (start -6.6 6.6) (end 6.6 6.6) (layer F.CrtYd) (width 0.05))
    (fp_line (start -6.6 -6.6) (end 6.6 -6.6) (layer F.CrtYd) (width 0.05))
    (fp_line (start -6.6 -6.6) (end -6.6 6.6) (layer F.CrtYd) (width 0.05))
    (fp_line (start 6.6 6.6) (end 6.6 -6.6) (layer F.CrtYd) (width 0.05))
    (fp_line (start -5.1 4.2) (end -5.1 4.5) (layer F.SilkS) (width 0.1))
    (fp_line (start -5.1 4.5) (end -4.5 5.1) (layer F.SilkS) (width 0.1))
    (fp_line (start -4.5 5.1) (end -4 5.1) (layer F.SilkS) (width 0.1))
    (fp_line (start -4 5.1) (end -4 6.1) (layer F.SilkS) (width 0.1))
    (fp_line (start -5 4.4) (end -5 -5) (layer F.Fab) (width 0.1))
    (fp_line (start -4.4 5) (end 5 5) (layer F.Fab) (width 0.1))
    (fp_line (start -5 4.4) (end -4.4 5) (layer F.Fab) (width 0.1))
    (fp_line (start 5.1 5.1) (end 4.6 5.1) (layer F.SilkS) (width 0.1))
    (fp_line (start 5.1 5.1) (end 5.1 4.6) (layer F.SilkS) (width 0.1))
    (fp_line (start -5.1 -5.1) (end -5.1 -4.6) (layer F.SilkS) (width 0.1))
    (fp_line (start -5.1 -5.1) (end -4.6 -5.1) (layer F.SilkS) (width 0.1))
    (fp_line (start 5.1 -5.1) (end 5.1 -4.6) (layer F.SilkS) (width 0.1))
    (fp_line (start 5.1 -5.1) (end 4.6 -5.1) (layer F.SilkS) (width 0.1))
    (fp_line (start -5 -5) (end 5 -5) (layer F.Fab) (width 0.1))
    (fp_line (start 5 5) (end 5 -5) (layer F.Fab) (width 0.1))
    (fp_text user REF** (at 0 0) (layer F.Fab)
      (effects (font (size 1 1) (thickness 0.15)))
    )
    (pad 64 smd rect (at -5.75 3.75) (size 1.2 0.3) (layers F.Cu F.Paste F.Mask)
      (net 1 +3V3))
    (pad 63 smd rect (at -5.75 3.25) (size 1.2 0.3) (layers F.Cu F.Paste F.Mask)
      (net 2 GND))
    (pad 62 smd rect (at -5.75 2.75) (size 1.2 0.3) (layers F.Cu F.Paste F.Mask)
      (net 67 "Net-(U2-Pad62)"))
    (pad 61 smd rect (at -5.75 2.25) (size 1.2 0.3) (layers F.Cu F.Paste F.Mask)
      (net 66 "Net-(U2-Pad61)"))
    (pad 60 smd rect (at -5.75 1.75) (size 1.2 0.3) (layers F.Cu F.Paste F.Mask)
      (net 30 BOOT0))
    (pad 59 smd rect (at -5.75 1.25) (size 1.2 0.3) (layers F.Cu F.Paste F.Mask)
      (net 27 I2C1_SDA))
    (pad 58 smd rect (at -5.75 0.75) (size 1.2 0.3) (layers F.Cu F.Paste F.Mask)
      (net 28 I2C1_SCL))
    (pad 57 smd rect (at -5.75 0.25) (size 1.2 0.3) (layers F.Cu F.Paste F.Mask)
      (net 65 "Net-(U2-Pad57)"))
    (pad 56 smd rect (at -5.75 -0.25) (size 1.2 0.3) (layers F.Cu F.Paste F.Mask)
      (net 64 "Net-(U2-Pad56)"))
    (pad 55 smd rect (at -5.75 -0.75) (size 1.2 0.3) (layers F.Cu F.Paste F.Mask)
      (net 19 SWO))
    (pad 54 smd rect (at -5.75 -1.25) (size 1.2 0.3) (layers F.Cu F.Paste F.Mask)
      (net 63 "Net-(U2-Pad54)"))
    (pad 53 smd rect (at -5.75 -1.75) (size 1.2 0.3) (layers F.Cu F.Paste F.Mask)
      (net 62 "Net-(U2-Pad53)"))
    (pad 52 smd rect (at -5.75 -2.25) (size 1.2 0.3) (layers F.Cu F.Paste F.Mask)
      (net 61 "Net-(U2-Pad52)"))
    (pad 51 smd rect (at -5.75 -2.75) (size 1.2 0.3) (layers F.Cu F.Paste F.Mask)
      (net 60 "Net-(U2-Pad51)"))
    (pad 50 smd rect (at -5.75 -3.25) (size 1.2 0.3) (layers F.Cu F.Paste F.Mask)
      (net 59 "Net-(U2-Pad50)"))
    (pad 49 smd rect (at -5.75 -3.75) (size 1.2 0.3) (layers F.Cu F.Paste F.Mask)
      (net 18 SWCLK))
    (pad 48 smd rect (at -3.75 -5.75) (size 0.3 1.2) (layers F.Cu F.Paste F.Mask)
      (net 1 +3V3))
    (pad 47 smd rect (at -3.25 -5.75) (size 0.3 1.2) (layers F.Cu F.Paste F.Mask)
      (net 7 "Net-(C17-Pad1)"))
    (pad 46 smd rect (at -2.75 -5.75) (size 0.3 1.2) (layers F.Cu F.Paste F.Mask)
      (net 17 SWDIO))
    (pad 45 smd rect (at -2.25 -5.75) (size 0.3 1.2) (layers F.Cu F.Paste F.Mask)
      (net 58 "Net-(U2-Pad45)"))
    (pad 44 smd rect (at -1.75 -5.75) (size 0.3 1.2) (layers F.Cu F.Paste F.Mask)
      (net 57 "Net-(U2-Pad44)"))
    (pad 43 smd rect (at -1.25 -5.75) (size 0.3 1.2) (layers F.Cu F.Paste F.Mask)
      (net 16 USART1_RX))
    (pad 42 smd rect (at -0.75 -5.75) (size 0.3 1.2) (layers F.Cu F.Paste F.Mask)
      (net 15 USART1_TX))
    (pad 41 smd rect (at -0.25 -5.75) (size 0.3 1.2) (layers F.Cu F.Paste F.Mask)
      (net 56 "Net-(U2-Pad41)"))
    (pad 40 smd rect (at 0.25 -5.75) (size 0.3 1.2) (layers F.Cu F.Paste F.Mask)
      (net 55 "Net-(U2-Pad40)"))
    (pad 39 smd rect (at 0.75 -5.75) (size 0.3 1.2) (layers F.Cu F.Paste F.Mask)
      (net 54 "Net-(U2-Pad39)"))
    (pad 38 smd rect (at 1.25 -5.75) (size 0.3 1.2) (layers F.Cu F.Paste F.Mask)
      (net 53 "Net-(U2-Pad38)"))
    (pad 37 smd rect (at 1.75 -5.75) (size 0.3 1.2) (layers F.Cu F.Paste F.Mask)
      (net 52 "Net-(U2-Pad37)"))
    (pad 36 smd rect (at 2.25 -5.75) (size 0.3 1.2) (layers F.Cu F.Paste F.Mask)
      (net 51 "Net-(U2-Pad36)"))
    (pad 35 smd rect (at 2.75 -5.75) (size 0.3 1.2) (layers F.Cu F.Paste F.Mask)
      (net 50 "Net-(U2-Pad35)"))
    (pad 34 smd rect (at 3.25 -5.75) (size 0.3 1.2) (layers F.Cu F.Paste F.Mask)
      (net 49 "Net-(U2-Pad34)"))
    (pad 33 smd rect (at 3.75 -5.75) (size 0.3 1.2) (layers F.Cu F.Paste F.Mask)
      (net 12 "Net-(D3-Pad2)"))
    (pad 32 smd rect (at 5.75 -3.75) (size 1.2 0.3) (layers F.Cu F.Paste F.Mask)
      (net 1 +3V3))
    (pad 31 smd rect (at 5.75 -3.25) (size 1.2 0.3) (layers F.Cu F.Paste F.Mask)
      (net 8 "Net-(C18-Pad1)"))
    (pad 30 smd rect (at 5.75 -2.75) (size 1.2 0.3) (layers F.Cu F.Paste F.Mask)
      (net 48 "Net-(U2-Pad30)"))
    (pad 29 smd rect (at 5.75 -2.25) (size 1.2 0.3) (layers F.Cu F.Paste F.Mask)
      (net 47 "Net-(U2-Pad29)"))
    (pad 28 smd rect (at 5.75 -1.75) (size 1.2 0.3) (layers F.Cu F.Paste F.Mask)
      (net 29 BOOT1))
    (pad 27 smd rect (at 5.75 -1.25) (size 1.2 0.3) (layers F.Cu F.Paste F.Mask)
      (net 46 "Net-(U2-Pad27)"))
    (pad 26 smd rect (at 5.75 -0.75) (size 1.2 0.3) (layers F.Cu F.Paste F.Mask)
      (net 45 "Net-(U2-Pad26)"))
    (pad 25 smd rect (at 5.75 -0.25) (size 1.2 0.3) (layers F.Cu F.Paste F.Mask)
      (net 44 "Net-(U2-Pad25)"))
    (pad 24 smd rect (at 5.75 0.25) (size 1.2 0.3) (layers F.Cu F.Paste F.Mask)
      (net 43 "Net-(U2-Pad24)"))
    (pad 23 smd rect (at 5.75 0.75) (size 1.2 0.3) (layers F.Cu F.Paste F.Mask)
      (net 26 SPI1_MOSI))
    (pad 22 smd rect (at 5.75 1.25) (size 1.2 0.3) (layers F.Cu F.Paste F.Mask)
      (net 25 SPI1_MISO))
    (pad 21 smd rect (at 5.75 1.75) (size 1.2 0.3) (layers F.Cu F.Paste F.Mask)
      (net 24 SPI1_SCK))
    (pad 20 smd rect (at 5.75 2.25) (size 1.2 0.3) (layers F.Cu F.Paste F.Mask)
      (net 23 SPI1_CS))
    (pad 19 smd rect (at 5.75 2.75) (size 1.2 0.3) (layers F.Cu F.Paste F.Mask)
      (net 1 +3V3))
    (pad 18 smd rect (at 5.75 3.25) (size 1.2 0.3) (layers F.Cu F.Paste F.Mask)
      (net 2 GND))
    (pad 16 smd rect (at 3.75 5.75) (size 0.3 1.2) (layers F.Cu F.Paste F.Mask)
      (net 42 "Net-(U2-Pad16)"))
    (pad 15 smd rect (at 3.25 5.75) (size 0.3 1.2) (layers F.Cu F.Paste F.Mask)
      (net 41 "Net-(U2-Pad15)"))
    (pad 14 smd rect (at 2.75 5.75) (size 0.3 1.2) (layers F.Cu F.Paste F.Mask)
      (net 40 "Net-(U2-Pad14)"))
    (pad 13 smd rect (at 2.25 5.75) (size 0.3 1.2) (layers F.Cu F.Paste F.Mask)
      (net 4 +3.3VA))
    (pad 12 smd rect (at 1.75 5.75) (size 0.3 1.2) (layers F.Cu F.Paste F.Mask)
      (net 2 GND))
    (pad 11 smd rect (at 1.25 5.75) (size 0.3 1.2) (layers F.Cu F.Paste F.Mask)
      (net 39 "Net-(U2-Pad11)"))
    (pad 10 smd rect (at 0.75 5.75) (size 0.3 1.2) (layers F.Cu F.Paste F.Mask)
      (net 38 "Net-(U2-Pad10)"))
    (pad 9 smd rect (at 0.25 5.75) (size 0.3 1.2) (layers F.Cu F.Paste F.Mask)
      (net 37 "Net-(U2-Pad9)"))
    (pad 8 smd rect (at -0.25 5.75) (size 0.3 1.2) (layers F.Cu F.Paste F.Mask)
      (net 36 "Net-(U2-Pad8)"))
    (pad 7 smd rect (at -0.75 5.75) (size 0.3 1.2) (layers F.Cu F.Paste F.Mask)
      (net 22 NRST))
    (pad 6 smd rect (at -1.25 5.75) (size 0.3 1.2) (layers F.Cu F.Paste F.Mask)
      (net 31 HSE_OUT))
    (pad 5 smd rect (at -1.75 5.75) (size 0.3 1.2) (layers F.Cu F.Paste F.Mask)
      (net 5 HSE_IN))
    (pad 4 smd rect (at -2.25 5.75) (size 0.3 1.2) (layers F.Cu F.Paste F.Mask)
      (net 35 "Net-(U2-Pad4)"))
    (pad 3 smd rect (at -2.75 5.75) (size 0.3 1.2) (layers F.Cu F.Paste F.Mask)
      (net 34 "Net-(U2-Pad3)"))
    (pad 2 smd rect (at -3.25 5.75) (size 0.3 1.2) (layers F.Cu F.Paste F.Mask)
      (net 33 "Net-(U2-Pad2)"))
    (pad 1 smd rect (at -3.75 5.75) (size 0.3 1.2) (layers F.Cu F.Paste F.Mask)
      (net 1 +3V3))
    (pad 17 smd rect (at 5.75 3.75) (size 1.2 0.3) (layers F.Cu F.Paste F.Mask)
      (net 32 "Net-(U2-Pad17)"))
    (model "D:/personal projects/PCB/Libraries/stm32/lib2/STM32F405RGT6.step"
      (at (xyz 0 0 0))
      (scale (xyz 1 1 1))
      (rotate (xyz -90 0 0))
    )
  )

  (module Capacitor_SMD:C_0805_2012Metric (layer F.Cu) (tedit 5F68FEEE) (tstamp 6197CEB9)
    (at 153.55 83.975)
    (descr "Capacitor SMD 0805 (2012 Metric), square (rectangular) end terminal, IPC_7351 nominal, (Body size source: IPC-SM-782 page 76, https://www.pcb-3d.com/wordpress/wp-content/uploads/ipc-sm-782a_amendment_1_and_2.pdf, https://docs.google.com/spreadsheets/d/1BsfQQcO9C6DZCsRaXUlFlo91Tg2WpOkGARC1WS5S8t0/edit?usp=sharing), generated with kicad-footprint-generator")
    (tags capacitor)
    (path /619828F8)
    (attr smd)
    (fp_text reference C1 (at 0 -1.68) (layer F.Fab)
      (effects (font (size 1 1) (thickness 0.15)))
    )
    (fp_text value 10u (at 0 1.68) (layer F.Fab)
      (effects (font (size 1 1) (thickness 0.15)))
    )
    (fp_line (start -1 0.625) (end -1 -0.625) (layer F.Fab) (width 0.1))
    (fp_line (start -1 -0.625) (end 1 -0.625) (layer F.Fab) (width 0.1))
    (fp_line (start 1 -0.625) (end 1 0.625) (layer F.Fab) (width 0.1))
    (fp_line (start 1 0.625) (end -1 0.625) (layer F.Fab) (width 0.1))
    (fp_line (start -0.261252 -0.735) (end 0.261252 -0.735) (layer F.SilkS) (width 0.12))
    (fp_line (start -0.261252 0.735) (end 0.261252 0.735) (layer F.SilkS) (width 0.12))
    (fp_line (start -1.7 0.98) (end -1.7 -0.98) (layer F.CrtYd) (width 0.05))
    (fp_line (start -1.7 -0.98) (end 1.7 -0.98) (layer F.CrtYd) (width 0.05))
    (fp_line (start 1.7 -0.98) (end 1.7 0.98) (layer F.CrtYd) (width 0.05))
    (fp_line (start 1.7 0.98) (end -1.7 0.98) (layer F.CrtYd) (width 0.05))
    (fp_text user %R (at 0 0) (layer F.Fab)
      (effects (font (size 0.5 0.5) (thickness 0.08)))
    )
    (pad 2 smd roundrect (at 0.95 0) (size 1 1.45) (layers F.Cu F.Paste F.Mask) (roundrect_rratio 0.25)
      (net 2 GND))
    (pad 1 smd roundrect (at -0.95 0) (size 1 1.45) (layers F.Cu F.Paste F.Mask) (roundrect_rratio 0.25)
      (net 1 +3V3))
    (model ${KISYS3DMOD}/Capacitor_SMD.3dshapes/C_0805_2012Metric.wrl
      (at (xyz 0 0 0))
      (scale (xyz 1 1 1))
      (rotate (xyz 0 0 0))
    )
  )

  (module Capacitor_SMD:C_0805_2012Metric (layer F.Cu) (tedit 5F68FEEE) (tstamp 6197CECA)
    (at 138.35 82.275 90)
    (descr "Capacitor SMD 0805 (2012 Metric), square (rectangular) end terminal, IPC_7351 nominal, (Body size source: IPC-SM-782 page 76, https://www.pcb-3d.com/wordpress/wp-content/uploads/ipc-sm-782a_amendment_1_and_2.pdf, https://docs.google.com/spreadsheets/d/1BsfQQcO9C6DZCsRaXUlFlo91Tg2WpOkGARC1WS5S8t0/edit?usp=sharing), generated with kicad-footprint-generator")
    (tags capacitor)
    (path /61981785)
    (attr smd)
    (fp_text reference C2 (at 0 -1.68 90) (layer F.Fab)
      (effects (font (size 1 1) (thickness 0.15)))
    )
    (fp_text value 10u (at 0 1.68 90) (layer F.Fab)
      (effects (font (size 1 1) (thickness 0.15)))
    )
    (fp_line (start 1.7 0.98) (end -1.7 0.98) (layer F.CrtYd) (width 0.05))
    (fp_line (start 1.7 -0.98) (end 1.7 0.98) (layer F.CrtYd) (width 0.05))
    (fp_line (start -1.7 -0.98) (end 1.7 -0.98) (layer F.CrtYd) (width 0.05))
    (fp_line (start -1.7 0.98) (end -1.7 -0.98) (layer F.CrtYd) (width 0.05))
    (fp_line (start -0.261252 0.735) (end 0.261252 0.735) (layer F.SilkS) (width 0.12))
    (fp_line (start -0.261252 -0.735) (end 0.261252 -0.735) (layer F.SilkS) (width 0.12))
    (fp_line (start 1 0.625) (end -1 0.625) (layer F.Fab) (width 0.1))
    (fp_line (start 1 -0.625) (end 1 0.625) (layer F.Fab) (width 0.1))
    (fp_line (start -1 -0.625) (end 1 -0.625) (layer F.Fab) (width 0.1))
    (fp_line (start -1 0.625) (end -1 -0.625) (layer F.Fab) (width 0.1))
    (fp_text user %R (at 0 0 90) (layer F.Fab)
      (effects (font (size 0.5 0.5) (thickness 0.08)))
    )
    (pad 1 smd roundrect (at -0.95 0 90) (size 1 1.45) (layers F.Cu F.Paste F.Mask) (roundrect_rratio 0.25)
      (net 3 "Net-(C2-Pad1)"))
    (pad 2 smd roundrect (at 0.95 0 90) (size 1 1.45) (layers F.Cu F.Paste F.Mask) (roundrect_rratio 0.25)
      (net 2 GND))
    (model ${KISYS3DMOD}/Capacitor_SMD.3dshapes/C_0805_2012Metric.wrl
      (at (xyz 0 0 0))
      (scale (xyz 1 1 1))
      (rotate (xyz 0 0 0))
    )
  )

  (module Capacitor_SMD:C_0603_1608Metric (layer F.Cu) (tedit 5F68FEEE) (tstamp 6197CEDB)
    (at 133.725 107.375 180)
    (descr "Capacitor SMD 0603 (1608 Metric), square (rectangular) end terminal, IPC_7351 nominal, (Body size source: IPC-SM-782 page 76, https://www.pcb-3d.com/wordpress/wp-content/uploads/ipc-sm-782a_amendment_1_and_2.pdf), generated with kicad-footprint-generator")
    (tags capacitor)
    (path /619C320C)
    (attr smd)
    (fp_text reference C3 (at 0 -1.43) (layer F.Fab)
      (effects (font (size 1 1) (thickness 0.15)))
    )
    (fp_text value 10u (at 0 1.43) (layer F.Fab)
      (effects (font (size 1 1) (thickness 0.15)))
    )
    (fp_line (start 1.48 0.73) (end -1.48 0.73) (layer F.CrtYd) (width 0.05))
    (fp_line (start 1.48 -0.73) (end 1.48 0.73) (layer F.CrtYd) (width 0.05))
    (fp_line (start -1.48 -0.73) (end 1.48 -0.73) (layer F.CrtYd) (width 0.05))
    (fp_line (start -1.48 0.73) (end -1.48 -0.73) (layer F.CrtYd) (width 0.05))
    (fp_line (start -0.14058 0.51) (end 0.14058 0.51) (layer F.SilkS) (width 0.12))
    (fp_line (start -0.14058 -0.51) (end 0.14058 -0.51) (layer F.SilkS) (width 0.12))
    (fp_line (start 0.8 0.4) (end -0.8 0.4) (layer F.Fab) (width 0.1))
    (fp_line (start 0.8 -0.4) (end 0.8 0.4) (layer F.Fab) (width 0.1))
    (fp_line (start -0.8 -0.4) (end 0.8 -0.4) (layer F.Fab) (width 0.1))
    (fp_line (start -0.8 0.4) (end -0.8 -0.4) (layer F.Fab) (width 0.1))
    (fp_text user %R (at 0 0) (layer F.Fab)
      (effects (font (size 0.4 0.4) (thickness 0.06)))
    )
    (pad 1 smd roundrect (at -0.775 0 180) (size 0.9 0.95) (layers F.Cu F.Paste F.Mask) (roundrect_rratio 0.25)
      (net 1 +3V3))
    (pad 2 smd roundrect (at 0.775 0 180) (size 0.9 0.95) (layers F.Cu F.Paste F.Mask) (roundrect_rratio 0.25)
      (net 2 GND))
    (model ${KISYS3DMOD}/Capacitor_SMD.3dshapes/C_0603_1608Metric.wrl
      (at (xyz 0 0 0))
      (scale (xyz 1 1 1))
      (rotate (xyz 0 0 0))
    )
  )

  (module Capacitor_SMD:C_0402_1005Metric (layer F.Cu) (tedit 5F68FEEE) (tstamp 6197CEEC)
    (at 136.05 109.675 270)
    (descr "Capacitor SMD 0402 (1005 Metric), square (rectangular) end terminal, IPC_7351 nominal, (Body size source: IPC-SM-782 page 76, https://www.pcb-3d.com/wordpress/wp-content/uploads/ipc-sm-782a_amendment_1_and_2.pdf), generated with kicad-footprint-generator")
    (tags capacitor)
    (path /619C1280)
    (attr smd)
    (fp_text reference C4 (at 0 -1.16 90) (layer F.Fab)
      (effects (font (size 1 1) (thickness 0.15)))
    )
    (fp_text value 100nf (at 0 1.16 90) (layer F.Fab)
      (effects (font (size 1 1) (thickness 0.15)))
    )
    (fp_line (start 0.91 0.46) (end -0.91 0.46) (layer F.CrtYd) (width 0.05))
    (fp_line (start 0.91 -0.46) (end 0.91 0.46) (layer F.CrtYd) (width 0.05))
    (fp_line (start -0.91 -0.46) (end 0.91 -0.46) (layer F.CrtYd) (width 0.05))
    (fp_line (start -0.91 0.46) (end -0.91 -0.46) (layer F.CrtYd) (width 0.05))
    (fp_line (start -0.107836 0.36) (end 0.107836 0.36) (layer F.SilkS) (width 0.12))
    (fp_line (start -0.107836 -0.36) (end 0.107836 -0.36) (layer F.SilkS) (width 0.12))
    (fp_line (start 0.5 0.25) (end -0.5 0.25) (layer F.Fab) (width 0.1))
    (fp_line (start 0.5 -0.25) (end 0.5 0.25) (layer F.Fab) (width 0.1))
    (fp_line (start -0.5 -0.25) (end 0.5 -0.25) (layer F.Fab) (width 0.1))
    (fp_line (start -0.5 0.25) (end -0.5 -0.25) (layer F.Fab) (width 0.1))
    (fp_text user %R (at 0 0 90) (layer F.Fab)
      (effects (font (size 0.25 0.25) (thickness 0.04)))
    )
    (pad 1 smd roundrect (at -0.48 0 270) (size 0.56 0.62) (layers F.Cu F.Paste F.Mask) (roundrect_rratio 0.25)
      (net 1 +3V3))
    (pad 2 smd roundrect (at 0.48 0 270) (size 0.56 0.62) (layers F.Cu F.Paste F.Mask) (roundrect_rratio 0.25)
      (net 2 GND))
    (model ${KISYS3DMOD}/Capacitor_SMD.3dshapes/C_0402_1005Metric.wrl
      (at (xyz 0 0 0))
      (scale (xyz 1 1 1))
      (rotate (xyz 0 0 0))
    )
  )

  (module Capacitor_SMD:C_0402_1005Metric (layer F.Cu) (tedit 5F68FEEE) (tstamp 6197CEFD)
    (at 152.4 96.825)
    (descr "Capacitor SMD 0402 (1005 Metric), square (rectangular) end terminal, IPC_7351 nominal, (Body size source: IPC-SM-782 page 76, https://www.pcb-3d.com/wordpress/wp-content/uploads/ipc-sm-782a_amendment_1_and_2.pdf), generated with kicad-footprint-generator")
    (tags capacitor)
    (path /619BD395)
    (attr smd)
    (fp_text reference C5 (at 0 -1.16) (layer F.Fab)
      (effects (font (size 1 1) (thickness 0.15)))
    )
    (fp_text value 100nf (at 0 1.16) (layer F.Fab)
      (effects (font (size 1 1) (thickness 0.15)))
    )
    (fp_line (start -0.5 0.25) (end -0.5 -0.25) (layer F.Fab) (width 0.1))
    (fp_line (start -0.5 -0.25) (end 0.5 -0.25) (layer F.Fab) (width 0.1))
    (fp_line (start 0.5 -0.25) (end 0.5 0.25) (layer F.Fab) (width 0.1))
    (fp_line (start 0.5 0.25) (end -0.5 0.25) (layer F.Fab) (width 0.1))
    (fp_line (start -0.107836 -0.36) (end 0.107836 -0.36) (layer F.SilkS) (width 0.12))
    (fp_line (start -0.107836 0.36) (end 0.107836 0.36) (layer F.SilkS) (width 0.12))
    (fp_line (start -0.91 0.46) (end -0.91 -0.46) (layer F.CrtYd) (width 0.05))
    (fp_line (start -0.91 -0.46) (end 0.91 -0.46) (layer F.CrtYd) (width 0.05))
    (fp_line (start 0.91 -0.46) (end 0.91 0.46) (layer F.CrtYd) (width 0.05))
    (fp_line (start 0.91 0.46) (end -0.91 0.46) (layer F.CrtYd) (width 0.05))
    (fp_text user %R (at 0 0) (layer F.Fab)
      (effects (font (size 0.25 0.25) (thickness 0.04)))
    )
    (pad 2 smd roundrect (at 0.48 0) (size 0.56 0.62) (layers F.Cu F.Paste F.Mask) (roundrect_rratio 0.25)
      (net 2 GND))
    (pad 1 smd roundrect (at -0.48 0) (size 0.56 0.62) (layers F.Cu F.Paste F.Mask) (roundrect_rratio 0.25)
      (net 1 +3V3))
    (model ${KISYS3DMOD}/Capacitor_SMD.3dshapes/C_0402_1005Metric.wrl
      (at (xyz 0 0 0))
      (scale (xyz 1 1 1))
      (rotate (xyz 0 0 0))
    )
  )

  (module Capacitor_SMD:C_0402_1005Metric (layer F.Cu) (tedit 5F68FEEE) (tstamp 6197CF0E)
    (at 152.42 95.825)
    (descr "Capacitor SMD 0402 (1005 Metric), square (rectangular) end terminal, IPC_7351 nominal, (Body size source: IPC-SM-782 page 76, https://www.pcb-3d.com/wordpress/wp-content/uploads/ipc-sm-782a_amendment_1_and_2.pdf), generated with kicad-footprint-generator")
    (tags capacitor)
    (path /619BDA85)
    (attr smd)
    (fp_text reference C6 (at 0 -1.16) (layer F.Fab)
      (effects (font (size 1 1) (thickness 0.15)))
    )
    (fp_text value 100nf (at 0 1.16) (layer F.Fab)
      (effects (font (size 1 1) (thickness 0.15)))
    )
    (fp_line (start 0.91 0.46) (end -0.91 0.46) (layer F.CrtYd) (width 0.05))
    (fp_line (start 0.91 -0.46) (end 0.91 0.46) (layer F.CrtYd) (width 0.05))
    (fp_line (start -0.91 -0.46) (end 0.91 -0.46) (layer F.CrtYd) (width 0.05))
    (fp_line (start -0.91 0.46) (end -0.91 -0.46) (layer F.CrtYd) (width 0.05))
    (fp_line (start -0.107836 0.36) (end 0.107836 0.36) (layer F.SilkS) (width 0.12))
    (fp_line (start -0.107836 -0.36) (end 0.107836 -0.36) (layer F.SilkS) (width 0.12))
    (fp_line (start 0.5 0.25) (end -0.5 0.25) (layer F.Fab) (width 0.1))
    (fp_line (start 0.5 -0.25) (end 0.5 0.25) (layer F.Fab) (width 0.1))
    (fp_line (start -0.5 -0.25) (end 0.5 -0.25) (layer F.Fab) (width 0.1))
    (fp_line (start -0.5 0.25) (end -0.5 -0.25) (layer F.Fab) (width 0.1))
    (fp_text user %R (at 0 0) (layer F.Fab)
      (effects (font (size 0.25 0.25) (thickness 0.04)))
    )
    (pad 1 smd roundrect (at -0.48 0) (size 0.56 0.62) (layers F.Cu F.Paste F.Mask) (roundrect_rratio 0.25)
      (net 1 +3V3))
    (pad 2 smd roundrect (at 0.48 0) (size 0.56 0.62) (layers F.Cu F.Paste F.Mask) (roundrect_rratio 0.25)
      (net 2 GND))
    (model ${KISYS3DMOD}/Capacitor_SMD.3dshapes/C_0402_1005Metric.wrl
      (at (xyz 0 0 0))
      (scale (xyz 1 1 1))
      (rotate (xyz 0 0 0))
    )
  )

  (module Capacitor_SMD:C_0402_1005Metric (layer F.Cu) (tedit 5F68FEEE) (tstamp 6197CF1F)
    (at 136.62 92.875)
    (descr "Capacitor SMD 0402 (1005 Metric), square (rectangular) end terminal, IPC_7351 nominal, (Body size source: IPC-SM-782 page 76, https://www.pcb-3d.com/wordpress/wp-content/uploads/ipc-sm-782a_amendment_1_and_2.pdf), generated with kicad-footprint-generator")
    (tags capacitor)
    (path /619BE022)
    (attr smd)
    (fp_text reference C7 (at 0 -1.16) (layer F.Fab)
      (effects (font (size 1 1) (thickness 0.15)))
    )
    (fp_text value 100nf (at 0.23 1.1) (layer F.Fab)
      (effects (font (size 1 1) (thickness 0.15)))
    )
    (fp_line (start -0.5 0.25) (end -0.5 -0.25) (layer F.Fab) (width 0.1))
    (fp_line (start -0.5 -0.25) (end 0.5 -0.25) (layer F.Fab) (width 0.1))
    (fp_line (start 0.5 -0.25) (end 0.5 0.25) (layer F.Fab) (width 0.1))
    (fp_line (start 0.5 0.25) (end -0.5 0.25) (layer F.Fab) (width 0.1))
    (fp_line (start -0.107836 -0.36) (end 0.107836 -0.36) (layer F.SilkS) (width 0.12))
    (fp_line (start -0.107836 0.36) (end 0.107836 0.36) (layer F.SilkS) (width 0.12))
    (fp_line (start -0.91 0.46) (end -0.91 -0.46) (layer F.CrtYd) (width 0.05))
    (fp_line (start -0.91 -0.46) (end 0.91 -0.46) (layer F.CrtYd) (width 0.05))
    (fp_line (start 0.91 -0.46) (end 0.91 0.46) (layer F.CrtYd) (width 0.05))
    (fp_line (start 0.91 0.46) (end -0.91 0.46) (layer F.CrtYd) (width 0.05))
    (fp_text user %R (at 0 0) (layer F.Fab)
      (effects (font (size 0.25 0.25) (thickness 0.04)))
    )
    (pad 2 smd roundrect (at 0.48 0) (size 0.56 0.62) (layers F.Cu F.Paste F.Mask) (roundrect_rratio 0.25)
      (net 2 GND))
    (pad 1 smd roundrect (at -0.48 0) (size 0.56 0.62) (layers F.Cu F.Paste F.Mask) (roundrect_rratio 0.25)
      (net 1 +3V3))
    (model ${KISYS3DMOD}/Capacitor_SMD.3dshapes/C_0402_1005Metric.wrl
      (at (xyz 0 0 0))
      (scale (xyz 1 1 1))
      (rotate (xyz 0 0 0))
    )
  )

  (module Capacitor_SMD:C_0402_1005Metric (layer F.Cu) (tedit 5F68FEEE) (tstamp 6197FC6A)
    (at 137.5 109.255 270)
    (descr "Capacitor SMD 0402 (1005 Metric), square (rectangular) end terminal, IPC_7351 nominal, (Body size source: IPC-SM-782 page 76, https://www.pcb-3d.com/wordpress/wp-content/uploads/ipc-sm-782a_amendment_1_and_2.pdf), generated with kicad-footprint-generator")
    (tags capacitor)
    (path /619BC759)
    (attr smd)
    (fp_text reference C8 (at 0 -1.16 90) (layer F.Fab)
      (effects (font (size 1 1) (thickness 0.15)))
    )
    (fp_text value 100nf (at 0 1.16 90) (layer F.Fab)
      (effects (font (size 1 1) (thickness 0.15)))
    )
    (fp_line (start 0.91 0.46) (end -0.91 0.46) (layer F.CrtYd) (width 0.05))
    (fp_line (start 0.91 -0.46) (end 0.91 0.46) (layer F.CrtYd) (width 0.05))
    (fp_line (start -0.91 -0.46) (end 0.91 -0.46) (layer F.CrtYd) (width 0.05))
    (fp_line (start -0.91 0.46) (end -0.91 -0.46) (layer F.CrtYd) (width 0.05))
    (fp_line (start -0.107836 0.36) (end 0.107836 0.36) (layer F.SilkS) (width 0.12))
    (fp_line (start -0.107836 -0.36) (end 0.107836 -0.36) (layer F.SilkS) (width 0.12))
    (fp_line (start 0.5 0.25) (end -0.5 0.25) (layer F.Fab) (width 0.1))
    (fp_line (start 0.5 -0.25) (end 0.5 0.25) (layer F.Fab) (width 0.1))
    (fp_line (start -0.5 -0.25) (end 0.5 -0.25) (layer F.Fab) (width 0.1))
    (fp_line (start -0.5 0.25) (end -0.5 -0.25) (layer F.Fab) (width 0.1))
    (fp_text user %R (at 0 0 90) (layer F.Fab)
      (effects (font (size 0.25 0.25) (thickness 0.04)))
    )
    (pad 1 smd roundrect (at -0.48 0 270) (size 0.56 0.62) (layers F.Cu F.Paste F.Mask) (roundrect_rratio 0.25)
      (net 1 +3V3))
    (pad 2 smd roundrect (at 0.48 0 270) (size 0.56 0.62) (layers F.Cu F.Paste F.Mask) (roundrect_rratio 0.25)
      (net 2 GND))
    (model ${KISYS3DMOD}/Capacitor_SMD.3dshapes/C_0402_1005Metric.wrl
      (at (xyz 0 0 0))
      (scale (xyz 1 1 1))
      (rotate (xyz 0 0 0))
    )
  )

  (module Capacitor_SMD:C_0402_1005Metric (layer F.Cu) (tedit 5F68FEEE) (tstamp 6197CF41)
    (at 134.92 105.025)
    (descr "Capacitor SMD 0402 (1005 Metric), square (rectangular) end terminal, IPC_7351 nominal, (Body size source: IPC-SM-782 page 76, https://www.pcb-3d.com/wordpress/wp-content/uploads/ipc-sm-782a_amendment_1_and_2.pdf), generated with kicad-footprint-generator")
    (tags capacitor)
    (path /619BEB0F)
    (attr smd)
    (fp_text reference C9 (at 0 -1.16) (layer F.Fab)
      (effects (font (size 1 1) (thickness 0.15)))
    )
    (fp_text value 100nf (at 0 1.16) (layer F.Fab)
      (effects (font (size 1 1) (thickness 0.15)))
    )
    (fp_line (start 0.91 0.46) (end -0.91 0.46) (layer F.CrtYd) (width 0.05))
    (fp_line (start 0.91 -0.46) (end 0.91 0.46) (layer F.CrtYd) (width 0.05))
    (fp_line (start -0.91 -0.46) (end 0.91 -0.46) (layer F.CrtYd) (width 0.05))
    (fp_line (start -0.91 0.46) (end -0.91 -0.46) (layer F.CrtYd) (width 0.05))
    (fp_line (start -0.107836 0.36) (end 0.107836 0.36) (layer F.SilkS) (width 0.12))
    (fp_line (start -0.107836 -0.36) (end 0.107836 -0.36) (layer F.SilkS) (width 0.12))
    (fp_line (start 0.5 0.25) (end -0.5 0.25) (layer F.Fab) (width 0.1))
    (fp_line (start 0.5 -0.25) (end 0.5 0.25) (layer F.Fab) (width 0.1))
    (fp_line (start -0.5 -0.25) (end 0.5 -0.25) (layer F.Fab) (width 0.1))
    (fp_line (start -0.5 0.25) (end -0.5 -0.25) (layer F.Fab) (width 0.1))
    (fp_text user %R (at 0 0) (layer F.Fab)
      (effects (font (size 0.25 0.25) (thickness 0.04)))
    )
    (pad 1 smd roundrect (at -0.48 0) (size 0.56 0.62) (layers F.Cu F.Paste F.Mask) (roundrect_rratio 0.25)
      (net 1 +3V3))
    (pad 2 smd roundrect (at 0.48 0) (size 0.56 0.62) (layers F.Cu F.Paste F.Mask) (roundrect_rratio 0.25)
      (net 2 GND))
    (model ${KISYS3DMOD}/Capacitor_SMD.3dshapes/C_0402_1005Metric.wrl
      (at (xyz 0 0 0))
      (scale (xyz 1 1 1))
      (rotate (xyz 0 0 0))
    )
  )

  (module Capacitor_SMD:C_0402_1005Metric (layer F.Cu) (tedit 5F68FEEE) (tstamp 6197CF52)
    (at 136.67 91.775)
    (descr "Capacitor SMD 0402 (1005 Metric), square (rectangular) end terminal, IPC_7351 nominal, (Body size source: IPC-SM-782 page 76, https://www.pcb-3d.com/wordpress/wp-content/uploads/ipc-sm-782a_amendment_1_and_2.pdf), generated with kicad-footprint-generator")
    (tags capacitor)
    (path /619BE54B)
    (attr smd)
    (fp_text reference C10 (at 0 -1.16) (layer F.Fab)
      (effects (font (size 1 1) (thickness 0.15)))
    )
    (fp_text value 100nf (at -3.17 0) (layer F.Fab)
      (effects (font (size 1 1) (thickness 0.15)))
    )
    (fp_line (start 0.91 0.46) (end -0.91 0.46) (layer F.CrtYd) (width 0.05))
    (fp_line (start 0.91 -0.46) (end 0.91 0.46) (layer F.CrtYd) (width 0.05))
    (fp_line (start -0.91 -0.46) (end 0.91 -0.46) (layer F.CrtYd) (width 0.05))
    (fp_line (start -0.91 0.46) (end -0.91 -0.46) (layer F.CrtYd) (width 0.05))
    (fp_line (start -0.107836 0.36) (end 0.107836 0.36) (layer F.SilkS) (width 0.12))
    (fp_line (start -0.107836 -0.36) (end 0.107836 -0.36) (layer F.SilkS) (width 0.12))
    (fp_line (start 0.5 0.25) (end -0.5 0.25) (layer F.Fab) (width 0.1))
    (fp_line (start 0.5 -0.25) (end 0.5 0.25) (layer F.Fab) (width 0.1))
    (fp_line (start -0.5 -0.25) (end 0.5 -0.25) (layer F.Fab) (width 0.1))
    (fp_line (start -0.5 0.25) (end -0.5 -0.25) (layer F.Fab) (width 0.1))
    (fp_text user %R (at 0 0) (layer F.Fab)
      (effects (font (size 0.25 0.25) (thickness 0.04)))
    )
    (pad 1 smd roundrect (at -0.48 0) (size 0.56 0.62) (layers F.Cu F.Paste F.Mask) (roundrect_rratio 0.25)
      (net 1 +3V3))
    (pad 2 smd roundrect (at 0.48 0) (size 0.56 0.62) (layers F.Cu F.Paste F.Mask) (roundrect_rratio 0.25)
      (net 2 GND))
    (model ${KISYS3DMOD}/Capacitor_SMD.3dshapes/C_0402_1005Metric.wrl
      (at (xyz 0 0 0))
      (scale (xyz 1 1 1))
      (rotate (xyz 0 0 0))
    )
  )

  (module Capacitor_SMD:C_0402_1005Metric (layer F.Cu) (tedit 5F68FEEE) (tstamp 6197CF63)
    (at 134.87 103.375)
    (descr "Capacitor SMD 0402 (1005 Metric), square (rectangular) end terminal, IPC_7351 nominal, (Body size source: IPC-SM-782 page 76, https://www.pcb-3d.com/wordpress/wp-content/uploads/ipc-sm-782a_amendment_1_and_2.pdf), generated with kicad-footprint-generator")
    (tags capacitor)
    (path /619BF162)
    (attr smd)
    (fp_text reference C11 (at 0 -1.16) (layer F.Fab)
      (effects (font (size 1 1) (thickness 0.15)))
    )
    (fp_text value 100nf (at 0 1.16) (layer F.Fab)
      (effects (font (size 1 1) (thickness 0.15)))
    )
    (fp_line (start -0.5 0.25) (end -0.5 -0.25) (layer F.Fab) (width 0.1))
    (fp_line (start -0.5 -0.25) (end 0.5 -0.25) (layer F.Fab) (width 0.1))
    (fp_line (start 0.5 -0.25) (end 0.5 0.25) (layer F.Fab) (width 0.1))
    (fp_line (start 0.5 0.25) (end -0.5 0.25) (layer F.Fab) (width 0.1))
    (fp_line (start -0.107836 -0.36) (end 0.107836 -0.36) (layer F.SilkS) (width 0.12))
    (fp_line (start -0.107836 0.36) (end 0.107836 0.36) (layer F.SilkS) (width 0.12))
    (fp_line (start -0.91 0.46) (end -0.91 -0.46) (layer F.CrtYd) (width 0.05))
    (fp_line (start -0.91 -0.46) (end 0.91 -0.46) (layer F.CrtYd) (width 0.05))
    (fp_line (start 0.91 -0.46) (end 0.91 0.46) (layer F.CrtYd) (width 0.05))
    (fp_line (start 0.91 0.46) (end -0.91 0.46) (layer F.CrtYd) (width 0.05))
    (fp_text user %R (at 0 0) (layer F.Fab)
      (effects (font (size 0.25 0.25) (thickness 0.04)))
    )
    (pad 2 smd roundrect (at 0.48 0) (size 0.56 0.62) (layers F.Cu F.Paste F.Mask) (roundrect_rratio 0.25)
      (net 2 GND))
    (pad 1 smd roundrect (at -0.48 0) (size 0.56 0.62) (layers F.Cu F.Paste F.Mask) (roundrect_rratio 0.25)
      (net 1 +3V3))
    (model ${KISYS3DMOD}/Capacitor_SMD.3dshapes/C_0402_1005Metric.wrl
      (at (xyz 0 0 0))
      (scale (xyz 1 1 1))
      (rotate (xyz 0 0 0))
    )
  )

  (module Capacitor_SMD:C_0402_1005Metric (layer F.Cu) (tedit 5F68FEEE) (tstamp 6197CF74)
    (at 152.05 104.945 270)
    (descr "Capacitor SMD 0402 (1005 Metric), square (rectangular) end terminal, IPC_7351 nominal, (Body size source: IPC-SM-782 page 76, https://www.pcb-3d.com/wordpress/wp-content/uploads/ipc-sm-782a_amendment_1_and_2.pdf), generated with kicad-footprint-generator")
    (tags capacitor)
    (path /619BF6BC)
    (attr smd)
    (fp_text reference C12 (at 0 -1.16 90) (layer F.Fab)
      (effects (font (size 1 1) (thickness 0.15)))
    )
    (fp_text value 100nf (at 0 1.16 90) (layer F.Fab)
      (effects (font (size 1 1) (thickness 0.15)))
    )
    (fp_line (start 0.91 0.46) (end -0.91 0.46) (layer F.CrtYd) (width 0.05))
    (fp_line (start 0.91 -0.46) (end 0.91 0.46) (layer F.CrtYd) (width 0.05))
    (fp_line (start -0.91 -0.46) (end 0.91 -0.46) (layer F.CrtYd) (width 0.05))
    (fp_line (start -0.91 0.46) (end -0.91 -0.46) (layer F.CrtYd) (width 0.05))
    (fp_line (start -0.107836 0.36) (end 0.107836 0.36) (layer F.SilkS) (width 0.12))
    (fp_line (start -0.107836 -0.36) (end 0.107836 -0.36) (layer F.SilkS) (width 0.12))
    (fp_line (start 0.5 0.25) (end -0.5 0.25) (layer F.Fab) (width 0.1))
    (fp_line (start 0.5 -0.25) (end 0.5 0.25) (layer F.Fab) (width 0.1))
    (fp_line (start -0.5 -0.25) (end 0.5 -0.25) (layer F.Fab) (width 0.1))
    (fp_line (start -0.5 0.25) (end -0.5 -0.25) (layer F.Fab) (width 0.1))
    (fp_text user %R (at 0 0 90) (layer F.Fab)
      (effects (font (size 0.25 0.25) (thickness 0.04)))
    )
    (pad 1 smd roundrect (at -0.48 0 270) (size 0.56 0.62) (layers F.Cu F.Paste F.Mask) (roundrect_rratio 0.25)
      (net 1 +3V3))
    (pad 2 smd roundrect (at 0.48 0 270) (size 0.56 0.62) (layers F.Cu F.Paste F.Mask) (roundrect_rratio 0.25)
      (net 2 GND))
    (model ${KISYS3DMOD}/Capacitor_SMD.3dshapes/C_0402_1005Metric.wrl
      (at (xyz 0 0 0))
      (scale (xyz 1 1 1))
      (rotate (xyz 0 0 0))
    )
  )

  (module Capacitor_SMD:C_0402_1005Metric (layer F.Cu) (tedit 5F68FEEE) (tstamp 6197CF85)
    (at 146.27 110.025 180)
    (descr "Capacitor SMD 0402 (1005 Metric), square (rectangular) end terminal, IPC_7351 nominal, (Body size source: IPC-SM-782 page 76, https://www.pcb-3d.com/wordpress/wp-content/uploads/ipc-sm-782a_amendment_1_and_2.pdf), generated with kicad-footprint-generator")
    (tags capacitor)
    (path /6199804B)
    (attr smd)
    (fp_text reference C13 (at 0 -1.16) (layer F.Fab)
      (effects (font (size 1 1) (thickness 0.15)))
    )
    (fp_text value 100nf (at 0 1.16) (layer F.Fab)
      (effects (font (size 1 1) (thickness 0.15)))
    )
    (fp_line (start -0.5 0.25) (end -0.5 -0.25) (layer F.Fab) (width 0.1))
    (fp_line (start -0.5 -0.25) (end 0.5 -0.25) (layer F.Fab) (width 0.1))
    (fp_line (start 0.5 -0.25) (end 0.5 0.25) (layer F.Fab) (width 0.1))
    (fp_line (start 0.5 0.25) (end -0.5 0.25) (layer F.Fab) (width 0.1))
    (fp_line (start -0.107836 -0.36) (end 0.107836 -0.36) (layer F.SilkS) (width 0.12))
    (fp_line (start -0.107836 0.36) (end 0.107836 0.36) (layer F.SilkS) (width 0.12))
    (fp_line (start -0.91 0.46) (end -0.91 -0.46) (layer F.CrtYd) (width 0.05))
